-6.470989897997346529e-03 -5.744986360459034685e-03 -5.017652297671612235e-03 -4.291347423355545976e-03 -3.563114502216383535e-03 -2.836058666882084519e-03 -2.106683580793001186e-03 -1.378381032498734310e-03 -6.482681388482564814e-04 6.486296764362655570e-11 1.892966723784544284e-03 4.342173878102985676e-03 7.511488601473002673e-03 1.161168612776675158e-02 1.691948629922671379e-02 2.379129594380357746e-02 3.268561302139612323e-02 4.419320919766873274e-02 5.905502769847079808e-02
-6.470974972548154854e-03 -5.744986304911805543e-03 -5.017653566317257369e-03 -4.291347256835993489e-03 -3.563114964329286601e-03 -2.836058558783204845e-03 -2.106684211306843711e-03 -1.378381001291042064e-03 -6.482676763948268727e-04 -8.448124200827044413e-11 1.892966754457788394e-03 4.342173720639328112e-03 7.511488470385569230e-03 1.161168636436453981e-02 1.691948669034414390e-02 2.379129591298474039e-02 3.268561302851381162e-02 4.419320922095979626e-02 5.905508125832390626e-02
-6.470976706875151974e-03 -5.744986239308132875e-03 -5.017654815853598085e-03 -4.291347383059402817e-03 -3.563115830213081821e-03 -2.836058409909948674e-03 -2.106685522445673597e-03 -1.378380970681090424e-03 -6.482626629185051729e-04 -1.465700532478426105e-10 1.892966784979777410e-03 4.342001126469733838e-03 7.511488230049676550e-03 1.161168640450821465e-02 1.691948638480273576e-02 2.379129584014326795e-02 3.268561304229723741e-02 4.419320924385654326e-02 5.905450230267689921e-02
-6.470972104997578522e-03 -5.744986200179969492e-03 -5.017657808921657976e-03 -4.291347267656801280e-03 -3.563116791023215098e-03 -2.836058239634699479e-03 -2.106686987639258980e-03 -1.378380940177502704e-03 -6.482642267427635207e-04 3.846814036603923716e-11 1.892966815266188593e-03 4.342001167974300115e-03 7.511487995826068159e-03 1.161168639659967451e-02 1.691947448202574950e-02 2.379129576480082733e-02 3.268561308326513315e-02 4.419320926598346855e-02 5.905451502671297398e-02
-6.470972169534377171e-03 -5.744986122088447528e-03 -5.017659891958032442e-03 -4.291347163786391611e-03 -3.563117744870557789e-03 -2.836058164429561788e-03 -2.106688374310002488e-03 -1.378380909334804300e-03 -6.482630929285203986e-04 2.681840227719171993e-10 1.892966845847628317e-03 4.342001424968881980e-03 7.511487777032302068e-03 1.161168641513611079e-02 1.691947444284784205e-02 2.379129569631987032e-02 3.268561312803199698e-02 4.419320928812819210e-02 5.905503803253928097e-02
-6.470975066138878566e-03 -5.744986099184823218e-03 -5.017660667849074829e-03 -4.291347272111749843e-03 -3.563118634909269791e-03 -2.836058064967794407e-03 -2.106689645059266550e-03 -1.378380879505595969e-03 -6.482646112814050097e-04 7.259841330881329936e-12 1.892966875553688845e-03 4.342001450026476868e-03 7.511487574567617294e-03 1.161168643545222243e-02 1.691947446743246111e-02 2.379129563174040354e-02 3.268561312122895274e-02 4.419320931206127678e-02 5.905501140886280226e-02
-6.470907217011569873e-03 -5.744986040216761014e-03 -5.017663001238151406e-03 -4.291347218159574650e-03 -3.563119500966158756e-03 -2.836057932521491350e-03 -2.106690822693007940e-03 -1.378380849291779278e-03 -6.482649687520530358e-04 2.031121693811233528e-10 1.892966905480363698e-03 4.342001383095883855e-03 7.511487386866889070e-03 1.161168612092003047e-02 1.691948961274148538e-02 2.379129557972441480e-02 3.268561318753106931e-02 4.419320933505913734e-02 5.905451561215865203e-02
-6.470974486418850508e-03 -5.744986027619514851e-03 -5.017665609566570976e-03 -4.291347080091352864e-03 -3.563120294443440465e-03 -2.836057868200858329e-03 -2.106691862562251171e-03 -1.378380819614230448e-03 -6.482648919407397580e-04 -5.190558051198448002e-11 1.892966935427664197e-03 4.342001379217443752e-03 7.511487219168436723e-03 1.161168591782302771e-02 1.691948637080111992e-02 2.379129553282339701e-02 3.268561320991581615e-02 4.419320935793465133e-02 5.905505715892127999e-02
-6.470975266911446408e-03 -5.744985959962978228e-03 -5.017666276159005873e-03 -4.291347217869398781e-03 -3.563121023179890989e-03 -2.836057777862928918e-03 -2.106692810832162116e-03 -1.378380790275388111e-03 -6.482648370735515997e-04 3.283303785542879289e-10 1.892966965819023765e-03 4.342001748350508145e-03 7.511487074491094568e-03 1.161168434379491327e-02 1.691948701840598202e-02 2.379129549132550162e-02 3.268561323295148674e-02 4.419320938114179587e-02 5.905505055162688782e-02
-6.471050984544641019e-03 -5.744985937439918422e-03 -5.017667344532761656e-03 -4.291347017125950007e-03 -3.563121617020231172e-03 -2.836057738920599956e-03 -2.106693553270749288e-03 -1.378380763941022434e-03 -6.482647725492902318e-04 0.000000000000000000e+00 1.892966991739055511e-03 4.342001716351153590e-03 7.511486952312546907e-03 1.161168433576989859e-02 1.691948648384207846e-02 2.379129545905983231e-02 3.268561323627505733e-02 4.419320940183240481e-02 5.905500802274638028e-02
-6.470997515311145351e-03 -5.744985887979898141e-03 -5.017671104200796886e-03 -4.291347013283503681e-03 -3.563123150519051287e-03 -2.836057624097337946e-03 -2.106695456821691161e-03 -1.378380689726120632e-03 -6.482651409404365959e-04 -4.263416741375478008e-10 1.892967065138635762e-03 4.342001785624986787e-03 7.511486652966329822e-03 1.161168473099689902e-02 1.691947542544781219e-02 2.379129538428358809e-02 3.268561333542076286e-02 4.419320946114726339e-02 5.905502799573827261e-02
-6.470990976714283485e-03 -5.744985784113937170e-03 -5.017674034199112038e-03 -4.291346896988739931e-03 -3.563124750526243997e-03 -2.836057423759729464e-03 -2.106697233343810677e-03 -1.378380595402578599e-03 -6.482656793035129371e-04 2.482347261728949455e-10 1.892967159675916760e-03 4.342001907162116106e-03 7.511486360000934823e-03 1.161168588226857076e-02 1.691948660271080929e-02 2.379129531894744534e-02 3.268561340807114163e-02 4.419320953762331111e-02 5.905451662409139796e-02
-6.470995673194047601e-03 -5.744985637334392055e-03 -5.017677383139531287e-03 -4.291346709762200104e-03 -3.563126363833978797e-03 -2.836057275056332212e-03 -2.106698935512715202e-03 -1.378380477832863568e-03 -6.482653079119340966e-04 3.198855706421864588e-10 1.892967277104082692e-03 4.342002369569441210e-03 7.511486090874802853e-03 1.161168440068200379e-02 1.691947491395516881e-02 2.379129527377534664e-02 3.268561348609937134e-02 4.419320963355929249e-02 5.905496746889619258e-02
-6.470984795211347229e-03 -5.744985472421015697e-03 -5.017684004942481873e-03 -4.291343886300266232e-03 -3.563127893162565743e-03 -2.836057045294749623e-03 -2.106700489407317602e-03 -1.378380326147030620e-03 -6.482703936863833507e-04 6.344535531979658722e-10 1.892967424118801667e-03 4.342002586823559551e-03 7.511485857840003062e-03 1.161168657223942552e-02 1.691948738758090529e-02 2.379129525131032027e-02 3.268561364837589689e-02 4.419320975470817509e-02 5.905488304233431907e-02
-6.470973803274495187e-03 -5.744985284471767518e-03 -5.017686193746829712e-03 -4.291343523558134761e-03 -3.563129387173891421e-03 -2.836056479632752779e-03 -2.106701750048776446e-03 -1.378380146922048325e-03 -6.482660831965412259e-04 8.633824236696955874e-10 1.892967601708287319e-03 4.342002597358640172e-03 7.511485680664244623e-03 1.161168676943323368e-02 1.691948768866938929e-02 2.379129526369079539e-02 3.268561375948572656e-02 4.419320990437248381e-02 5.905500100642054051e-02
-6.470998850057300099e-03 -5.744985021529705298e-03 -5.017688475350237653e-03 -4.291343502735481263e-03 -3.563130713335306912e-03 -2.836056429019918109e-03 -2.106702843680722300e-03 -1.378379928280750550e-03 -6.482665576690908003e-04 1.095682786941541980e-09 1.892967818403287804e-03 4.342003187655808956e-03 7.511485555481423049e-03 1.161168720728283400e-02 1.691948807951868319e-02 2.379129531176080517e-02 3.268561398097559467e-02 4.419321008743384849e-02 5.905485423540019624e-02
-6.470972629807144987e-03 -5.744984748764755782e-03 -5.017694983918913852e-03 -4.291343115487795956e-03 -3.563131894762558947e-03 -2.836056099181639457e-03 -2.106701899937342849e-03 -1.378379667947839072e-03 -6.482659535225745659e-04 1.512657158705635626e-09 1.892968078429442492e-03 4.342003459695422014e-03 7.511485499844006500e-03 1.161168698557113813e-02 1.691948807419624279e-02 2.379129541396659761e-02 3.268561419572753313e-02 4.419321030714505605e-02 5.905488324194598654e-02
-6.470988133225403366e-03 -5.744984405457087030e-03 -5.017695287411300456e-03 -4.291342910675826489e-03 -3.563132909646801998e-03 -2.836055756950551371e-03 -2.106702493327153227e-03 -1.378379361161002252e-03 -6.482661109354765066e-04 1.689038827682068439e-09 1.892968380905103980e-03 4.342003840488679184e-03 7.511485510574020599e-03 1.161168558030794412e-02 1.691949075598874960e-02 2.379129555764723444e-02 3.268561450443276117e-02 4.419321056663857994e-02 5.905485529186160071e-02
-6.470968441932224875e-03 -5.744984006933614995e-03 -5.017698760638941713e-03 -4.291342208587576104e-03 -3.563133757766613358e-03 -2.836055282247479381e-03 -2.106702879980939906e-03 -1.378379009036858607e-03 -6.482655355761661811e-04 1.359220770093985816e-09 1.892968730535560294e-03 4.342004466578714035e-03 7.511485570857072587e-03 1.161168591503309797e-02 1.691948949192908710e-02 2.379129575315701295e-02 3.268561481155526915e-02 4.419321086679364741e-02 5.905485392878988965e-02
