4.187878461027665367e-01 4.214156741540072693e-01 4.240080590447959930e-01 4.265679669758459247e-01 4.290978375457864535e-01 4.316020453534287760e-01 4.340802079493434884e-01 4.365348037625021438e-01 4.389673948659393865e-01 4.411121493317965991e-01 4.472768259663968404e-01 4.550623390885515374e-01 4.648547007329656422e-01 4.771115050813365954e-01 4.923643393771826027e-01 5.112139447195478414e-01 5.343178853357268832e-01 5.623728213159683298e-01 5.960875414675614881e-01
3.404005881415440027e-01 3.427578483978823698e-01 3.450831981474119514e-01 3.473782762933887436e-01 3.496464880699413080e-01 3.518915398761491287e-01 3.541121568674882036e-01 3.563130754538075817e-01 3.584930126199203926e-01 3.604148719434732140e-01 3.659380094043231391e-01 3.729107209767504871e-01 3.816767819604424128e-01 3.926446039725714487e-01 4.062843146137135597e-01 4.231255934601501068e-01 4.437469670656773446e-01 4.687560259227134818e-01 4.987633720291413941e-01
2.506001407914700829e-01 2.527199728867131068e-01 2.548098359489786580e-01 2.568727141389707258e-01 2.589122418266086578e-01 2.609295123720780096e-01 2.629251804664390901e-01 2.649031606923735183e-01 2.668616770909542635e-01 2.685894926449063358e-01 2.735523817783083733e-01 2.798164745385296470e-01 2.876900765721453479e-01 2.975389853723091615e-01 3.097804887603431423e-01 3.248904848047198812e-01 3.433805022926477712e-01 3.657875757325239618e-01 3.926498917046407078e-01
1.830863624178483418e-01 1.850545241456515999e-01 1.869947913723137012e-01 1.889116747098984472e-01 1.908054924887918613e-01 1.926783863829676091e-01 1.945324573047086114e-01 1.963693762182184832e-01 1.981876662563382685e-01 1.997916946075239397e-01 2.043996319555644592e-01 2.102164619313310889e-01 2.175261315250018868e-01 2.266667128791370889e-01 2.380263475797727568e-01 2.520429609670284399e-01 2.691904784128291706e-01 2.899617257298149897e-01 3.148490099160827227e-01
1.317024331947267146e-01 1.335651072401200512e-01 1.354012729848719787e-01 1.372140954575812311e-01 1.390055794417923152e-01 1.407779937744638166e-01 1.425320793736676306e-01 1.442689165914197436e-01 1.459893386094582024e-01 1.475058493112480773e-01 1.518651711230531720e-01 1.573663919737114947e-01 1.642786523203613736e-01 1.729223688793604108e-01 1.836633677680159504e-01 1.969115435888426358e-01 2.131171313299889680e-01 2.327405337614671665e-01 2.562450033123800375e-01
9.092736095054212986e-02 9.270990150188346268e-02 9.446695836215533715e-02 9.620112383941752110e-02 9.791544817972384906e-02 9.961193177144969657e-02 1.012904721465557184e-01 1.029526454054385531e-01 1.045990844840810619e-01 1.060499656857189221e-01 1.102211678754392021e-01 1.154843451043934127e-01 1.220978678022839464e-01 1.303662614989831992e-01 1.406388831208891244e-01 1.533100261164479228e-01 1.688058214439805971e-01 1.875656996757385231e-01 2.100300903347905590e-01
5.749295082636284027e-02 5.921130612808663679e-02 6.090512965865171879e-02 6.257848233785578973e-02 6.423249816861306694e-02 6.586833659088044135e-02 6.748670333280426537e-02 6.909006629818220668e-02 7.067800066741111720e-02 7.207788894720917883e-02 7.610006579763683998e-02 8.117556237784548379e-02 8.755306176851934685e-02 9.552596734708418413e-02 1.054311638380125565e-01 1.176469053211807586e-01 1.325823208698911071e-01 1.506620585247973598e-01 1.723073216135733166e-01
2.938491156778931870e-02 3.105119982293854872e-02 3.269584798667817677e-02 3.431779707695731957e-02 3.592268037341870418e-02 3.750789160189994809e-02 3.907897111200993312e-02 4.063360482907347332e-02 4.217320710711501552e-02 4.353207630784889509e-02 4.743303941640847343e-02 5.235562749721563158e-02 5.854080330166007429e-02 6.627127722130773946e-02 7.587662764239704039e-02 8.772113675709895808e-02 1.022018179448135194e-01 1.197266125466053127e-01 1.407065178212715262e-01
5.288614268261423133e-03 6.912308489434911690e-03 8.513570797945999025e-03 1.009426840820219079e-02 1.165677411906441800e-02 1.320207809371105531e-02 1.473139328039332549e-02 1.624563839359656828e-02 1.774619876039196589e-02 1.906817865143590682e-02 2.286831924790752590e-02 2.766314997369577131e-02 3.368734969991669242e-02 4.121608314805651208e-02 5.057023876467217627e-02 6.210494416357396907e-02 7.620264343527623219e-02 9.326585885527510777e-02 1.136876008629496004e-01
-1.349931853984135018e-02 -1.190834549146195347e-02 -1.033977228003865427e-02 -8.791792467613355685e-03 -7.260768679044181037e-03 -5.747062544823562831e-03 -4.248698889254024988e-03 -2.764961752217406227e-03 -1.295283655886795985e-03 0.000000000000000000e+00 3.721625298131337866e-03 8.418359989445518832e-03 1.432000718337873846e-02 2.169506188941693753e-02 3.085646373582782293e-02 4.215340212019039190e-02 5.596016073601712409e-02 7.266703620094715210e-02 9.266136063060152750e-02
-5.808200560071714869e-02 -5.656846221727024338e-02 -5.507536124707237274e-02 -5.360142088697657237e-02 -5.214471745545957992e-02 -5.070398017612992581e-02 -4.927753104027523395e-02 -4.786573472953564029e-02 -4.646668383473435276e-02 -4.523348896025460725e-02 -4.169100014916745506e-02 -3.722106309925046069e-02 -3.160649678800867002e-02 -2.458774483757711002e-02 -1.587114342920695892e-02 -5.126075256841370990e-03 8.004695530742364160e-03 2.389026539609681241e-02 4.289579646831071652e-02
-1.009510795122885718e-01 -9.950971107661593651e-02 -9.808671092491123844e-02 -9.668255925275956453e-02 -9.529553866872447765e-02 -9.392177363043334448e-02 -9.256332954113329070e-02 -9.121869198877462226e-02 -8.988510619782981437e-02 -8.871078966891007833e-02 -8.533603309328896547e-02 -8.107841512474235623e-02 -7.573025713219068422e-02 -6.904663746190900508e-02 -6.074803552468664020e-02 -5.051747349700776851e-02 -3.801939984497993558e-02 -2.290380925152348673e-02 -4.823499876371595274e-03
-1.419542108889177146e-01 -1.405790589796652446e-01 -1.392229740975592100e-01 -1.378847505068003798e-01 -1.365611355598354559e-01 -1.352518590256993336e-01 -1.339566206020978700e-01 -1.326742502205662255e-01 -1.314042663608730455e-01 -1.302835765469425311e-01 -1.270664042983984665e-01 -1.230072429400632245e-01 -1.179090393638326517e-01 -1.115391379041098113e-01 -1.036298394005575052e-01 -9.388325040032494129e-02 -8.197946540303825691e-02 -6.758344984762722218e-02 -5.037187051844478625e-02
-1.810625723645193641e-01 -1.797504666266082074e-01 -1.784566750555681425e-01 -1.771787203217073947e-01 -1.759163480224988918e-01 -1.746671801909670252e-01 -1.734317504620434269e-01 -1.722077022911146227e-01 -1.709949456005564750e-01 -1.699273557875522755e-01 -1.668569600460818037e-01 -1.629845719566497819e-01 -1.581215150310839312e-01 -1.520456767181251889e-01 -1.445037484990908394e-01 -1.352100312538754567e-01 -1.238622082147399911e-01 -1.101445883220911609e-01 -9.374839104782814458e-02
-2.183181007792062422e-01 -2.170646551194181095e-01 -2.158286689610869336e-01 -2.146088048041900898e-01 -2.134029456174642292e-01 -2.122107638887240910e-01 -2.110305991878213550e-01 -2.098618951426273749e-01 -2.087044095162053359e-01 -2.076841301052953226e-01 -2.047533917100004819e-01 -2.010564114393168234e-01 -1.964142143986009337e-01 -1.906151835857038124e-01 -1.834174140099658623e-01 -1.745511214686404078e-01 -1.637277299039326950e-01 -1.506472112477711123e-01 -1.350186852416296324e-01
-2.537928662842149907e-01 -2.525956806919534836e-01 -2.514158002698591576e-01 -2.502503230172708482e-01 -2.490973578749338391e-01 -2.479581121924045450e-01 -2.468312281671156683e-01 -2.457139376876928960e-01 -2.446081348034764569e-01 -2.436335607391344471e-01 -2.408336613943934390e-01 -2.373023226567219646e-01 -2.328681979917699152e-01 -2.273299156619736361e-01 -2.204570482059662884e-01 -2.119931325040341763e-01 -2.016628247758369130e-01 -1.891833326584609343e-01 -1.742775945882829303e-01
-2.875763965446080372e-01 -2.864319626950318498e-01 -2.853034180307454926e-01 -2.841890152713974493e-01 -2.830881890561240399e-01 -2.819985005223365482e-01 -2.809207456514370982e-01 -2.798536504402228120e-01 -2.787962945487196809e-01 -2.778648798702784695e-01 -2.751883973137706496e-01 -2.718128377327461709e-01 -2.675753957984110531e-01 -2.622831299623115120e-01 -2.557166186294027033e-01 -2.476321885380559640e-01 -2.377687368089451969e-01 -2.258550474102537786e-01 -2.116316474140531034e-01
-3.197560753204601869e-01 -3.186614712975655017e-01 -3.175818680147947659e-01 -3.165163771773883972e-01 -3.154627594787600686e-01 -3.144211275628125413e-01 -3.133901849646398285e-01 -3.123694681324723499e-01 -3.113589581555532559e-01 -3.104673493508674498e-01 -3.079078435466034991e-01 -3.046799456507807147e-01 -3.006278201152254304e-01 -2.955681118404794860e-01 -2.892919919190873324e-01 -2.815660511161968693e-01 -2.721420073462397782e-01 -2.607643411858791005e-01 -2.471849269300752661e-01
-3.504155999940507527e-01 -3.493684453879583596e-01 -3.483356225176189591e-01 -3.473155146511713864e-01 -3.463076344707867182e-01 -3.453108426488092908e-01 -3.443244936282288671e-01 -3.433477164622487088e-01 -3.423802613676677487e-01 -3.415277486611065783e-01 -3.390790870763886744e-01 -3.359910652146356203e-01 -3.321144529863158112e-01 -3.272755588633720070e-01 -3.212735166148382171e-01 -3.138870824222723122e-01 -3.048792136135863862e-01 -2.940080383132696040e-01 -2.810378981682195576e-01
