-6.832409247127961549e-02 -5.937705082275160362e-02 -5.074581940811888348e-02 -4.241152915426504161e-02 -3.435362935272133489e-02 -2.655618257845957647e-02 -1.900357677550345431e-02 -1.167779427648994901e-02 -4.568495251773098571e-03 1.582877769352424111e-03 1.867845292923245651e-02 3.913866677344114003e-02 6.330816712764940346e-02 9.147829986457553519e-02 1.238766184121917191e-01 1.606705132626674581e-01 2.019626359732029919e-01 2.478190073237337143e-01 2.982816893564360639e-01
-6.829606566653918798e-02 -5.935096149436776269e-02 -5.072148744452113084e-02 -4.238917438394145670e-02 -3.433304329430882790e-02 -2.653567026878571669e-02 -1.898341513589761956e-02 -1.165915900840936749e-02 -4.549785211327890717e-03 1.599681663320675880e-03 1.869358251473337423e-02 3.915196648090048942e-02 6.331923931289418217e-02 9.148737758800577768e-02 1.238847447888148379e-01 1.606758048540442851e-01 2.019657998347799133e-01 2.478200475852626039e-01 2.982830755116003818e-01
-6.834765249211097182e-02 -5.940249614474524958e-02 -5.077380619390027550e-02 -4.244063731624406199e-02 -3.438486680269618734e-02 -2.658917464566208297e-02 -1.903684389241607974e-02 -1.171297854132514853e-02 -4.605063583386781977e-03 1.545682520957856977e-03 1.863942952699262565e-02 3.909741930856501513e-02 6.326495180355308501e-02 9.143386709798231871e-02 1.238322216445996438e-01 1.606243247001765684e-01 2.019165107116209779e-01 2.477734586019137153e-01 2.982374206172264675e-01
-6.846518818705395193e-02 -5.952073346642561963e-02 -5.089192647998568714e-02 -4.255908051100964345e-02 -3.450443730275393889e-02 -2.670766348741189511e-02 -1.915512510636652524e-02 -1.183176361125320639e-02 -4.722096378501061502e-03 1.427482867427295674e-03 1.852109391211395270e-02 3.898109765333510751e-02 6.314993153341783017e-02 9.131929268771826758e-02 1.237205502043400018e-01 1.605159774661010508e-01 2.018113980136508612e-01 2.476725787090569009e-01 2.981393575872235968e-01
-6.863482548437478681e-02 -5.969044722380715401e-02 -5.106098366877574041e-02 -4.272874241401162371e-02 -3.467297710336007810e-02 -2.687693391206530738e-02 -1.932373464260574505e-02 -1.200035554787671870e-02 -4.890001059369385866e-03 1.259880102631033560e-03 1.835453810234313407e-02 3.881535306774090699e-02 6.298570300136746569e-02 9.115856405025520026e-02 1.235619336824770736e-01 1.603605525232509321e-01 2.016588057595386230e-01 2.475261735536763985e-01 2.979994843034370344e-01
-6.884269489595977454e-02 -5.989861521260036320e-02 -5.126916855092811948e-02 -4.293603019147780586e-02 -3.488092300719730643e-02 -2.708411837381272808e-02 -1.953256451604276980e-02 -1.220701183023067612e-02 -5.097178264774979671e-03 1.052953502897812721e-03 1.814880306645657096e-02 3.861046263855217459e-02 6.278282835954891727e-02 9.095788153095067663e-02 1.233644048765419193e-01 1.601668606759445446e-01 2.014709463425377045e-01 2.473420044870618117e-01 2.978216066340218515e-01
-6.908181138404564936e-02 -6.013801087430192815e-02 -5.150864063467119891e-02 -4.317584182181356117e-02 -3.512047171563914549e-02 -2.732322519141763828e-02 -1.977030279481508529e-02 -1.244688737978030639e-02 -5.335771069311365244e-03 8.147918178883751215e-04 1.791100526240452934e-02 3.837409382592612411e-02 6.254830987209414328e-02 9.072568742928828478e-02 1.231355344710256677e-01 1.599415543598606826e-01 2.012504503546113932e-01 2.471269992832490214e-01 2.976122079283944344e-01
-6.934447604918002328e-02 -6.040064420620774865e-02 -5.177321155232802313e-02 -4.343962648268103605e-02 -3.538366489948675114e-02 -2.758829363928995415e-02 -2.003445288179214398e-02 -1.270975925377530215e-02 -5.599513369298790740e-03 5.510448368004786188e-04 1.764864308356029268e-02 3.811263245012717210e-02 6.228808537982250676e-02 9.046776387352548077e-02 1.228804197177457008e-01 1.596900643398218578e-01 2.010033357023995604e-01 2.468849946417475405e-01 2.973763191465004230e-01
-6.962771380186534576e-02 -6.068463182541308093e-02 -5.205644483340215317e-02 -4.372366617390385096e-02 -3.566818251742013418e-02 -2.787159561581203926e-02 -2.031891924093627913e-02 -1.299391653679404963e-02 -5.883682901544659560e-03 2.671462893765550058e-04 1.736452967203475084e-02 3.782904083035539683e-02 6.200576461565433795e-02 9.018730072090178074e-02 1.226035822417654853e-01 1.594166409137266760e-01 2.007340296987809580e-01 2.466207754575422129e-01 2.971178915768027951e-01
-6.989324920173480005e-02 -6.095058529215010429e-02 -5.232346142743874579e-02 -4.399054290819075230e-02 -3.593490612071600920e-02 -2.813878775114812131e-02 -2.058606617370312142e-02 -1.326106918151985677e-02 -6.150930096108952159e-03 0.000000000000000000e+00 1.709843578987803314e-02 3.756379360004102885e-02 6.174163721066236454e-02 8.992477440259867560e-02 1.223419169519169014e-01 1.591579848360642480e-01 2.004789644278944238e-01 2.463700323265411718e-01 2.968718387121616620e-01
-7.072062275419999100e-02 -6.177984734063740602e-02 -5.315356652681586108e-02 -4.482216109530601927e-02 -3.676803403865440412e-02 -2.897296659431305293e-02 -2.142049576970590091e-02 -1.409653300528745760e-02 -6.986567303317505612e-03 -8.368679947963655451e-04 1.626211731786344344e-02 3.672756721990546452e-02 6.090707955245479310e-02 8.909353695816490948e-02 1.215152896213010369e-01 1.583379277821792275e-01 1.996675712445947215e-01 2.455692760939145736e-01 2.960838359439504353e-01
-7.186440820441454547e-02 -6.292812161620933709e-02 -5.430425215928678245e-02 -4.597614581812899115e-02 -3.792431046613071316e-02 -3.013138998306652550e-02 -2.258104174224315197e-02 -1.525927536313840573e-02 -8.150012741032450561e-03 -2.000773940291819195e-03 1.509458380976250701e-02 3.555939947618881602e-02 5.973796197863864843e-02 8.792469999125426816e-02 1.203494502870153249e-01 1.571764659676494758e-01 1.985136103090154314e-01 2.444244996006395276e-01 2.949524297111766336e-01
-7.339992218631939680e-02 -6.446993444094045733e-02 -5.585319259550323989e-02 -4.752998064234341402e-02 -3.948251123668849311e-02 -3.169485628720078441e-02 -2.414773116136810158e-02 -1.682850871168830795e-02 -9.723391910514175840e-03 -3.576494652993408418e-03 1.351273741145373429e-02 3.397008401649159737e-02 5.814306056348968882e-02 8.632602925093821322e-02 1.187493781656388664e-01 1.555767681189143270e-01 1.969170965179119770e-01 2.428352463571471220e-01 2.933721001917088400e-01
-7.540232628810022986e-02 -6.648277659173144893e-02 -5.787648109091973747e-02 -4.956288610899305114e-02 -4.152433077441897158e-02 -3.374366921025633015e-02 -2.620453819133963108e-02 -1.889221773020735920e-02 -1.179279748169093263e-02 -5.651748345993503654e-03 1.142537298635876684e-02 3.186989447976769363e-02 5.603006940714733153e-02 8.419977746482826264e-02 1.166131015486342876e-01 1.534327535058183090e-01 1.947679772240681617e-01 2.406836034095219401e-01 2.912232791300981560e-01
-7.794292683487026585e-02 -6.904132628194148413e-02 -6.045096518046227246e-02 -5.215220201368019060e-02 -4.412752130704002129e-02 -3.635991415834453899e-02 -2.883259941118325453e-02 -2.153123941956019624e-02 -1.444220521545329025e-02 -8.308206596579648801e-03 8.745983058875262880e-03 2.916583460759288385e-02 5.330239763402404990e-02 8.144765273687100404e-02 1.138358453784686919e-01 1.506345507782164972e-01 1.919512742289759821e-01 2.378528996879727686e-01 2.883810779836338822e-01
-8.108324766672483919e-02 -7.220766878004321321e-02 -6.364108574171235821e-02 -5.536480305490119880e-02 -4.736046041278624968e-02 -3.961203404071505368e-02 -3.210217345494522506e-02 -2.481732884746811960e-02 -1.774445000870560063e-02 -1.162409904494967304e-02 5.395144551118947508e-03 2.577712935242213940e-02 4.987201464067048812e-02 7.797482553153206597e-02 1.103206491048785848e-01 1.470775766584799804e-01 1.883545187942290700e-01 2.342203753575295699e-01 2.847165990465649887e-01
-8.487421787271254292e-02 -7.603401768072771960e-02 -6.750099146488000579e-02 -5.925625555628793312e-02 -5.128085087690782695e-02 -4.355940919968065428e-02 -3.607590604834350761e-02 -2.881575454079670848e-02 -2.176502370015546278e-02 -1.566388229588600370e-02 1.304481920833518724e-03 2.162880572068997739e-02 4.566221448770185765e-02 7.369982510502076645e-02 1.059781222764068359e-01 1.426664470748501001e-01 1.838768082724505371e-01 2.296775124396089329e-01 2.801127037270047526e-01
-8.935225166606018676e-02 -8.056124020986160650e-02 -7.207297528051725966e-02 -6.386977078798891649e-02 -5.593405042999268634e-02 -4.824932989761109015e-02 -4.080086247003120170e-02 -3.357338619187075213e-02 -2.655447382184238786e-02 -2.048017628803316600e-02 -3.582830259494775450e-03 1.666305462429169826e-02 4.060801325136638440e-02 6.855161349724180064e-02 1.007314462599806504e-01 1.373182968202461551e-01 1.784265638663166953e-01 2.241266665608557529e-01 2.744625077369488020e-01
-9.454903268049832943e-02 -8.582016202354500467e-02 -7.739040553884642126e-02 -6.924153339770906801e-02 -6.135739828190039935e-02 -5.372149249845185187e-02 -4.631853625297927685e-02 -3.913456181466404282e-02 -3.215713559501535979e-02 -2.611750305075413725e-02 -9.313281900160536031e-03 1.082660800771602198e-02 3.465466396113634634e-02 6.247134791241935187e-02 9.451605389519300571e-02 1.309619080269019409e-01 1.719268351321466548e-01 2.174821969311410974e-01 2.676731013074507559e-01
