1.476990516260025255e-01 1.476990689177855032e-01 1.476992116555195245e-01 1.476991288143948144e-01 1.476990740382271017e-01 1.476998089751672960e-01 1.476991335465295263e-01 1.476997128733899545e-01 1.476991911209584174e-01 1.476996643013590571e-01 1.476992214983647578e-01 1.476991732517460854e-01 1.476992347520780513e-01 1.476989494907532952e-01 1.476992768511155574e-01 1.476989804045086563e-01 1.477000191573059340e-01 1.476992662025733427e-01 1.476999353741803023e-01
1.391273454757157857e-01 1.393382213442715400e-01 1.395444869077550332e-01 1.397464101083537580e-01 1.399433810799446398e-01 1.401372044989695476e-01 1.403253477110022462e-01 1.405108427773519852e-01 1.406902659057708005e-01 1.408471018179567325e-01 1.412853713184886173e-01 1.418123176556990994e-01 1.424316542740345359e-01 1.431383873956495745e-01 1.439109454909962005e-01 1.447144757387587577e-01 1.454947298357701646e-01 1.461911695586762261e-01 1.467517157045394316e-01
1.208883472200988907e-01 1.212964307926840818e-01 1.216999125474257232e-01 1.220992676173360686e-01 1.224935704623188598e-01 1.228826964625132218e-01 1.232661099603308136e-01 1.236464915664343689e-01 1.240215320327127252e-01 1.243503683029738571e-01 1.252883868085725716e-01 1.264521760907126591e-01 1.278771889421836672e-01 1.295920562817997612e-01 1.316070163958193151e-01 1.338998437236620376e-01 1.363972540461183269e-01 1.389658166316982413e-01 1.414152796815592861e-01
1.001145433546602459e-01 1.006482522737288110e-01 1.011775024989087224e-01 1.017028148672474430e-01 1.022242543089376399e-01 1.027411417045558523e-01 1.032537733246975814e-01 1.037618004593943571e-01 1.042658754157679141e-01 1.047105651125570525e-01 1.059867618495581171e-01 1.075914703363986813e-01 1.095917187285271460e-01 1.120538083651200917e-01 1.150365771021157474e-01 1.185669422501197251e-01 1.226183450146914877e-01 1.270737124182683420e-01 1.317016110642180438e-01
7.928740304038990605e-02 7.989272543209360866e-02 8.049486290091703578e-02 8.109305254790825923e-02 8.168901578621547144e-02 8.228120852015263775e-02 8.286902344790458841e-02 8.345484589010648824e-02 8.403574714289226144e-02 8.455010226437215115e-02 8.603245327381052465e-02 8.791092995728970461e-02 9.027637002906629959e-02 9.322785480522859103e-02 9.686520067805355627e-02 1.012912187747749826e-01 1.065257335697741142e-01 1.125195258683708566e-01 1.190777037014035117e-01
5.933185511200318035e-02 5.997541908804768229e-02 6.061685658854968489e-02 6.125648624346478888e-02 6.189331085793824822e-02 6.252817297977485145e-02 6.315908177194518025e-02 6.378844800302772844e-02 6.441469430755571157e-02 6.496922481999567456e-02 6.657315605833090399e-02 6.861744579216666473e-02 7.120693560287032209e-02 7.446826178385224093e-02 7.853555669421732888e-02 8.354128668247151612e-02 8.958855033352164376e-02 9.670208935254637206e-02 1.048011334534037498e-01
4.064069624341790782e-02 4.130107493621902603e-02 4.195855891871504151e-02 4.261506618818580727e-02 4.326986882256041861e-02 4.392245535478681018e-02 4.457309768910491105e-02 4.522171377557884786e-02 4.586901845407213851e-02 4.644230157332186054e-02 4.810418182772127627e-02 5.022999024060893769e-02 5.293764695647779767e-02 5.636901401787969973e-02 6.068748493132961053e-02 6.606212924778286089e-02 7.265614866835355679e-02 8.057202622563085226e-02 8.978989677255910795e-02
2.334457931309888434e-02 2.400607589230987354e-02 2.466473690963818036e-02 2.532348771077217939e-02 2.597909022920587632e-02 2.663523786282310027e-02 2.728976704809946835e-02 2.794230296129814745e-02 2.859462663558825363e-02 2.917223360502240251e-02 3.084993432140738928e-02 3.300126693218595475e-02 3.575262617869912063e-02 3.925560733376926015e-02 4.369119047637621406e-02 4.926322224314019782e-02 5.617791421906433158e-02 6.461277893787736870e-02 7.464044617289077033e-02
7.413741896902143434e-03 8.066979929614007463e-03 8.719794301784621060e-03 9.369789949017224076e-03 1.002063866367084582e-02 1.067018737451761075e-02 1.131834506855020420e-02 1.196591212525436113e-02 1.261238276718293881e-02 1.318628289997469255e-02 1.485373176197564253e-02 1.699646890323676038e-02 1.974271985628441028e-02 2.325222343912947132e-02 2.771775003896987874e-02 3.336278005244393968e-02 4.043165591973325868e-02 4.916001080372808113e-02 5.971248407291049332e-02
-5.688089451635468946e-03 -5.045707915637200579e-03 -4.403597742526458268e-03 -3.762647964629194704e-03 -3.120431953677742145e-03 -2.481741452087394845e-03 -1.841831518336167111e-03 -1.204123915956848432e-03 -5.656716484052395607e-04 0.000000000000000000e+00 1.646280862506891178e-03 3.764838544162775989e-03 6.483909217264468942e-03 9.966424811824567409e-03 1.441085916089532640e-02 2.005203853869484340e-02 2.715879130286706633e-02 3.600815294092149510e-02 4.683416029787516172e-02
-3.901535904979297475e-02 -3.841179228077920560e-02 -3.780848826772929133e-02 -3.720532966359014343e-02 -3.660159711492978057e-02 -3.599874718694119624e-02 -3.539705788946405363e-02 -3.479499309205657392e-02 -3.419292831035636998e-02 -3.365776139084409452e-02 -3.210159802060157108e-02 -3.009480173800464786e-02 -2.751214781778816079e-02 -2.419241821939131787e-02 -1.993651173142957367e-02 -1.448788744652414022e-02 -7.539014371804919450e-03 1.238413997494555762e-03 1.220837882238439906e-02
-7.366956020755452417e-02 -7.312696522847715597e-02 -7.258227810055967177e-02 -7.203723782500644213e-02 -7.149221422956006378e-02 -7.094744264171178039e-02 -7.040142623740472394e-02 -6.985617617745903951e-02 -6.930955308855515917e-02 -6.882400188867751623e-02 -6.740766270762102441e-02 -6.557769642302865853e-02 -6.321210393081719281e-02 -6.015702137628867879e-02 -5.621650243590232271e-02 -5.114245356643126739e-02 -4.462788723057530688e-02 -3.630728440086727210e-02 -2.576702632059500037e-02
-1.078528689412696917e-01 -1.073904951220189807e-01 -1.069276108279322013e-01 -1.064640556374918945e-01 -1.059999455111567263e-01 -1.055352187314680251e-01 -1.050700044589022858e-01 -1.046042536335278078e-01 -1.041378926344520561e-01 -1.037236303974366364e-01 -1.025109403544697123e-01 -1.009416667404845896e-01 -9.890691637483378651e-02 -9.626791543768623005e-02 -9.284404329192053051e-02 -8.839964352254900404e-02 -8.263300833007863888e-02 -7.516279151155048910e-02 -6.551934942157500164e-02
-1.398873090148211040e-01 -1.395077721117487513e-01 -1.391273971648680219e-01 -1.387478104550918523e-01 -1.383670148112235709e-01 -1.379859167990322710e-01 -1.376045511232644181e-01 -1.372225442136249529e-01 -1.368404453200018911e-01 -1.364995675130725450e-01 -1.355066433436545592e-01 -1.342193912399736178e-01 -1.325507461577955792e-01 -1.303852544061931962e-01 -1.275720245067507030e-01 -1.239101304256626512e-01 -1.191162130662079127e-01 -1.128607401836047852e-01 -1.046860942818422929e-01
-1.697244666135880597e-01 -1.694063928508395267e-01 -1.690882254397693407e-01 -1.687696546015579058e-01 -1.684509468793550790e-01 -1.681321258829662768e-01 -1.678130533975830674e-01 -1.674934596111979923e-01 -1.671743200305776667e-01 -1.668900716306811749e-01 -1.660605349914307249e-01 -1.649873019326959789e-01 -1.635980769953250813e-01 -1.617987591335890152e-01 -1.594669642047818747e-01 -1.564417833722312190e-01 -1.525131098336691693e-01 -1.474031084627493993e-01 -1.407423881413386868e-01
-1.981400448409996462e-01 -1.978729207189928452e-01 -1.976049136845344500e-01 -1.973370824553596081e-01 -1.970687757261756212e-01 -1.968004804330747981e-01 -1.965310667730582606e-01 -1.962619405747319246e-01 -1.959928960558192934e-01 -1.957531421948587869e-01 -1.950540579439244970e-01 -1.941478946327865052e-01 -1.929755063140943250e-01 -1.914545014837443215e-01 -1.894833036438192120e-01 -1.869246310476956052e-01 -1.836046554338914560e-01 -1.792937167583717184e-01 -1.737007038420468608e-01
-2.242977494198813426e-01 -2.240882525881195408e-01 -2.238786768037148989e-01 -2.236681994067234447e-01 -2.234582877293754544e-01 -2.232475443874988308e-01 -2.230362252144885149e-01 -2.228247764258179942e-01 -2.226133150212576128e-01 -2.224250217052080036e-01 -2.218742430281210598e-01 -2.211598158462848851e-01 -2.202319182387882657e-01 -2.190252560631468226e-01 -2.174534952919835173e-01 -2.154024091840113508e-01 -2.127195854371433381e-01 -2.092047162598930088e-01 -2.045903354085897019e-01
-2.465798888362109864e-01 -2.464264501667223772e-01 -2.462726951026155131e-01 -2.461183074753304223e-01 -2.459640629691108860e-01 -2.458104036256094638e-01 -2.456552586245608349e-01 -2.455003059681834521e-01 -2.453454252764928900e-01 -2.452073038479389566e-01 -2.448034990185504745e-01 -2.442795072524623357e-01 -2.435988964787607347e-01 -2.427131263539264727e-01 -2.415580221543450201e-01 -2.400481457213292369e-01 -2.380677870144104202e-01 -2.354581396180583652e-01 -2.319912658937345884e-01
-2.650439224261627591e-01 -2.649299049886101320e-01 -2.648156053439202351e-01 -2.647011684629039796e-01 -2.645867472479122018e-01 -2.644721369442872838e-01 -2.643573222166594738e-01 -2.642425130523253229e-01 -2.641275108958343054e-01 -2.640251757451819725e-01 -2.637262288797925791e-01 -2.633388038721531932e-01 -2.628363273231512087e-01 -2.621837608124219510e-01 -2.613347949897716904e-01 -2.602282555021493415e-01 -2.587818759150607439e-01 -2.568847887295543364e-01 -2.543850449157417648e-01
