6.974013452018001935e-02 6.638913484084615901e-02 5.863998919957869732e-02 4.958153903862325823e-02 4.032541094488394096e-02 3.125999843349071272e-02 2.257070666813627141e-02 1.432569981101415590e-02 6.542240591322035122e-03 6.486296764362655570e-11 -1.721481802915552500e-02 -3.611276350609875230e-02 -5.657211632543104884e-02 -7.809376965459377540e-02 -9.972770354019690198e-02 -1.204881627012611839e-01 -1.402262484897544015e-01 -1.595040910439269877e-01 -1.789641965464028317e-01
6.974012846753734063e-02 6.638913487645257960e-02 5.863998925553359082e-02 4.958153906537236116e-02 4.032541030107582997e-02 3.125999850128838992e-02 2.257070626890363835e-02 1.432556650737357336e-02 6.542240619387139182e-03 -8.448124200827044413e-11 -1.721481827916689078e-02 -3.611276400311782403e-02 -5.657211631587912709e-02 -7.809376960327360506e-02 -9.972770341630632362e-02 -1.204881626952159362e-01 -1.402258862507755888e-01 -1.595042674982867781e-01 -1.789641451957213469e-01
6.974033699726311930e-02 6.638913491202219630e-02 5.863998921028444611e-02 4.958153909180379459e-02 4.032541092067483401e-02 3.125999850023546828e-02 2.257070541935135219e-02 1.432569986843630107e-02 6.542240623991118706e-03 -1.465700532478426105e-10 -1.721481802162249178e-02 -3.611276488949223540e-02 -5.657211630736253688e-02 -7.809376967690592752e-02 -9.972770340808304046e-02 -1.204881627568837460e-01 -1.402258822453532616e-01 -1.595044432052002970e-01 -1.789640738512497664e-01
6.974033703718476862e-02 6.638913494861745090e-02 5.863998927318797572e-02 4.958153911815797732e-02 4.032541022522947299e-02 3.125999853636077241e-02 2.257070444348364957e-02 1.432556537914181707e-02 6.542240653445222792e-03 3.846814036603923716e-11 -1.721481809188231751e-02 -3.611276579945901094e-02 -5.657211626496459062e-02 -7.809376932479189515e-02 -9.972770346159783028e-02 -1.204881625883129498e-01 -1.402258767673231210e-01 -1.595044425599302929e-01 -1.789640188060709902e-01
6.974014005316267473e-02 6.638913498413186176e-02 5.863998933202541064e-02 4.958153914398579637e-02 4.032541094725913128e-02 3.125999856394400672e-02 2.257070346835402322e-02 1.432570000213551423e-02 6.542240627975922512e-03 2.681840227719171993e-10 -1.721483071273226598e-02 -3.611276664380533297e-02 -5.657211624879303347e-02 -7.809376956986907592e-02 -9.972758945932443109e-02 -1.204881626454411686e-01 -1.402258703328898848e-01 -1.595044425189773574e-01 -1.789637941517672748e-01
6.974013555875206716e-02 6.638913501803100914e-02 5.863998933884321391e-02 4.958153916978490922e-02 4.032541096652474816e-02 3.125999858313398966e-02 2.257070254613477434e-02 1.432570004619079275e-02 6.542240694296035108e-03 7.259841330881329936e-12 -1.721481641740118737e-02 -3.611276740592791329e-02 -5.657211618090273592e-02 -7.809376948796180329e-02 -9.972759139501577441e-02 -1.204881626915875331e-01 -1.402258632842831032e-01 -1.595042686521725428e-01 -1.789630553658877465e-01
6.974044783605772013e-02 6.638913505425560191e-02 5.863998939413343076e-02 4.958153919529970088e-02 4.032541055594636437e-02 3.125999862304391225e-02 2.257070169542967422e-02 1.432556461956812667e-02 6.542240735155543593e-03 2.031121693811233528e-10 -1.721481816131690754e-02 -3.611276808837018265e-02 -5.657211620493147325e-02 -7.809376899099693126e-02 -9.972758856440450126e-02 -1.204881626623767882e-01 -1.402258577365370074e-01 -1.595044431953529240e-01 -1.789630879329729973e-01
6.974029682464538693e-02 6.638913508916904904e-02 5.863998939285604978e-02 4.958153922086889348e-02 4.032541044981906297e-02 3.125999865350887613e-02 2.257070091701056727e-02 1.432570003523490725e-02 6.542240742540150408e-03 -5.190558051198448002e-11 -1.721481751532691687e-02 -3.611276869960041574e-02 -5.657211618446492118e-02 -7.809376964755394834e-02 -9.972759183820256723e-02 -1.204881626314956711e-01 -1.402258530034462269e-01 -1.595044429270901509e-01 -1.789630867155409810e-01
6.974033473927128413e-02 6.638913512380323345e-02 5.863998943504429573e-02 4.958153924612971469e-02 4.032541108250082412e-02 3.125999866756326573e-02 2.257070020711953243e-02 1.432533178659655196e-02 6.542240759782020666e-03 3.283303785542879289e-10 -1.721481786043387377e-02 -3.611276924953875367e-02 -5.657211613778916764e-02 -7.809376914433989458e-02 -9.972758944331483466e-02 -1.204881626654450699e-01 -1.402258485285755307e-01 -1.595044425309827263e-01 -1.789630861538560880e-01
6.974038730166401412e-02 6.638913515471568660e-02 5.863998950844832858e-02 4.958153926862143152e-02 4.032541150074125252e-02 3.125999871744510050e-02 2.257069963208720165e-02 1.432570011546321041e-02 6.542240795177740875e-03 0.000000000000000000e+00 -1.721481537470339121e-02 -3.611276969175352541e-02 -5.657211610018386683e-02 -7.809376911082697992e-02 -9.972758882342100395e-02 -1.204881626587785137e-01 -1.402258447233347138e-01 -1.595044430024638304e-01 -1.789630858275684799e-01
6.974013118966602975e-02 6.638913524293200974e-02 5.863998960428462581e-02 4.958153933216010584e-02 4.032541176608398642e-02 3.125999875760555879e-02 2.257069820337319691e-02 1.432570016795844427e-02 6.542240856247399754e-03 -4.263416741375478008e-10 -1.721481836360364698e-02 -3.611277078446479410e-02 -5.657211603300232872e-02 -7.809376932264683324e-02 -9.972758993765064306e-02 -1.204881626505745484e-01 -1.402258344667803303e-01 -1.595044439164704231e-01 -1.789630847699887339e-01
6.974024885608964830e-02 6.638913535191172388e-02 5.863998974265434427e-02 4.958153941310747964e-02 4.032541111559293651e-02 3.125999885942249562e-02 2.257069678476295374e-02 1.432570028236433875e-02 6.542240905193596676e-03 2.482347261728949455e-10 -1.721481797736843997e-02 -3.611277187120250087e-02 -5.657211600305462468e-02 -7.809376931266803767e-02 -9.972766078436436088e-02 -1.204881627210796502e-01 -1.402256095944810765e-01 -1.595044423411480505e-01 -1.789630837564543664e-01
6.974030165576486362e-02 6.638913548959432531e-02 5.863998986999780644e-02 4.958153951369172890e-02 4.032541190346913135e-02 3.125999895702127884e-02 2.257069543757202201e-02 1.432533764089806254e-02 6.542241058022133827e-03 3.198855706421864588e-10 -1.721481816460508976e-02 -3.611277291974059750e-02 -5.657211589252433837e-02 -7.809376988067651126e-02 -9.972770283460703766e-02 -1.204881626878882561e-01 -1.402256087458080003e-01 -1.595042699284195675e-01 -1.789630828067422519e-01
6.974011105504408781e-02 6.638913565722766308e-02 5.863999004310605639e-02 4.958153963939727210e-02 4.032541151647885819e-02 3.125999908580146674e-02 2.257069421474191401e-02 1.432570049337331813e-02 6.542241177206113353e-03 6.344535531979658722e-10 -1.721481621370927334e-02 -3.611277389973971408e-02 -5.657211575740903053e-02 -7.809376926284342102e-02 -9.972758975157115791e-02 -1.204881626707780262e-01 -1.402256079450497628e-01 -1.595044423977640680e-01 -1.789630816367031307e-01
6.974025315933198022e-02 6.638913586433535519e-02 5.863999023689520779e-02 4.958153979341380774e-02 4.032541110425527653e-02 3.125999924887309239e-02 2.257069314527398660e-02 1.432556584038095944e-02 6.542241337698513105e-03 8.633824236696955874e-10 -1.721481728015270690e-02 -3.611277478338223434e-02 -5.657211565461317537e-02 -7.809376987922138358e-02 -9.972770245414207257e-02 -1.204881627994868337e-01 -1.402256071929707804e-01 -1.595044425639076113e-01 -1.789630807121162792e-01
6.974025311620628276e-02 6.638913611187406694e-02 5.863999048498454159e-02 4.958153998088563053e-02 4.032541116145903215e-02 3.125999945943316177e-02 2.257069224908456878e-02 1.432570092714691677e-02 6.542241544679416008e-03 1.095682786941541980e-09 -1.721477024092541233e-02 -3.611277457690220682e-02 -5.657211544644791257e-02 -7.809376946551517540e-02 -9.972758790813229801e-02 -1.204881625873927692e-01 -1.402256064768015453e-01 -1.595044428654590618e-01 -1.789630797798098250e-01
6.974033670529179718e-02 6.638913640893932822e-02 5.863999079560250349e-02 4.958154020470317142e-02 4.032541147995196557e-02 3.125999965327852514e-02 2.257069153639592457e-02 1.432534310901492115e-02 6.542241773165845438e-03 1.512657158705635626e-09 -1.721476990439935184e-02 -3.611277435237045252e-02 -5.657211522161021550e-02 -7.809376866291770081e-02 -9.972758809429883853e-02 -1.204881625213143070e-01 -1.402256057963364166e-01 -1.595044407973230105e-01 -1.789630788861250321e-01
6.974038496447111657e-02 6.638913675576388340e-02 5.863999127723196897e-02 4.958154046834044315e-02 4.032541233935868497e-02 3.125999998002254587e-02 2.257069097643733813e-02 1.432618732389558634e-02 6.542242103316137959e-03 1.689038827682068439e-09 -1.721478705330830791e-02 -3.611277412036613399e-02 -5.657211500111037489e-02 -7.809376873939656571e-02 -9.972757713110289024e-02 -1.204881623767934812e-01 -1.402256051735264741e-01 -1.595044423328546845e-01 -1.789630780208689154e-01
6.974043413613434383e-02 6.638913715224883938e-02 5.863999164107151080e-02 4.958154077135702026e-02 4.032541279686983199e-02 3.126000030065063939e-02 2.257069059235286557e-02 1.432570183808492062e-02 6.542242447089502769e-03 1.359220770093985816e-09 -1.721478632242759432e-02 -3.611277387596576599e-02 -5.657211464738086393e-02 -7.809376887232737097e-02 -9.972758667082891326e-02 -1.204881622668463742e-01 -1.402256045665425943e-01 -1.595044422344452373e-01 -1.789630771756542671e-01
