-1.205885240328908800e-02 -1.142777461732594549e-02 -1.079663817351269803e-02 -1.016658073579470786e-02 -9.536499457635187055e-03 -8.907715302899120793e-03 -8.280251221847981583e-03 -7.653821391453320168e-03 -7.026784851477653471e-03 -6.471050984544641019e-03 -4.853508065505751298e-03 -2.774084423060039269e-03 -1.047400584299997743e-04 3.313646432995535213e-03 7.673678312486129603e-03 1.320640874497234184e-02 2.017621016262968747e-02 2.885336786767630363e-02 3.946746351411095644e-02
-1.134428300476317264e-02 -1.071087302920547060e-02 -1.007825716440529512e-02 -9.447885219660763154e-03 -8.817344660959196626e-03 -8.186746440800023172e-03 -7.558063958559482071e-03 -6.929129616389118583e-03 -6.302274948000447310e-03 -5.744985937439918422e-03 -4.124069511877196184e-03 -2.040399468249479587e-03 6.343050707775035879e-04 4.059143346999130250e-03 8.429312259019036691e-03 1.397493445633983186e-02 2.095876547239598417e-02 2.965518752001721978e-02 4.029385436480262955e-02
-1.062863656582422114e-02 -9.994552166071120694e-03 -9.361533217131234874e-03 -8.728835377159304548e-03 -8.096238343635311571e-03 -7.466268949185452322e-03 -6.834731629342497526e-03 -6.205173837432752075e-03 -5.576334572115830036e-03 -5.017667344532761656e-03 -3.394742098198661080e-03 -1.306777335983083871e-03 1.374264100431944703e-03 4.806405625663472125e-03 9.185023666757705096e-03 1.474346045263213133e-02 2.174305384531244681e-02 3.045931737826421820e-02 4.112061318505361857e-02
-9.911557721083149447e-03 -9.277394983612392496e-03 -8.643129279344930263e-03 -8.008888031935780874e-03 -7.376317924248674412e-03 -6.743810213933657503e-03 -6.112135177988847930e-03 -5.480551453727235643e-03 -4.850920686869120493e-03 -4.291347017125950007e-03 -2.664323722244111431e-03 -5.718829983172863795e-04 2.114141300786846756e-03 5.553429965963514389e-03 9.942495847976601242e-03 1.551093488241621181e-02 2.252721052844284741e-02 3.126258109637447546e-02 4.194857838471725830e-02
-9.196285858229491170e-03 -8.560471236801873302e-03 -7.923943075996387267e-03 -7.289392757688716896e-03 -6.655079498430985230e-03 -6.020974120587839311e-03 -5.387358034211623195e-03 -4.755751824244982065e-03 -4.124638579484625131e-03 -3.563121617020231172e-03 -1.933328223721350473e-03 1.634430267797769233e-04 2.854903295335639406e-03 6.301361236013950685e-03 1.069948069070030157e-02 1.628152038068417934e-02 2.331259713426248048e-02 3.206716362201648962e-02 4.277793571653516064e-02
-8.479966683234526487e-03 -7.842171278381991281e-03 -7.205649981180784792e-03 -6.568613615019190145e-03 -5.933441043256161042e-03 -5.298262401165741015e-03 -4.663692645385137357e-03 -4.030459696332373831e-03 -3.397558432345874121e-03 -2.836057738920599956e-03 -1.202308764628140991e-03 8.990868899380647598e-04 3.596154776026204512e-03 7.049960156404187425e-03 1.145743566791658855e-02 1.705194820668654715e-02 2.409849956226792211e-02 3.287276232480187965e-02 4.360590228831872500e-02
-7.762566749107377082e-03 -7.124035134749892584e-03 -6.485346649886120085e-03 -5.847710410477794871e-03 -5.211482772852616026e-03 -4.574392178041158247e-03 -3.938881588927997494e-03 -3.304250113104023005e-03 -2.670344391585228495e-03 -2.106693553270749288e-03 -4.698291941573788178e-04 1.634020763713558890e-03 4.337821520942337396e-03 7.799188794077246099e-03 1.221628151197070439e-02 1.782247642785456804e-02 2.488465545835348569e-02 3.367816048833360137e-02 4.443530781906483013e-02
-7.044548917229677930e-03 -6.404369020421470104e-03 -5.765183750465034847e-03 -5.126572324742402487e-03 -4.487308950763537960e-03 -3.850355777900135550e-03 -3.213906528716088586e-03 -2.577003907048345307e-03 -1.942745905864624477e-03 -1.378380763941022434e-03 2.622089438407078409e-04 2.372285757480231769e-03 5.080904858606316923e-03 8.549663013693439492e-03 1.297516611287744155e-02 1.859375086981132283e-02 2.567146418629068921e-02 3.448413192855492859e-02 4.526505265960452384e-02
-6.326868977479250568e-03 -5.684971583136735548e-03 -5.044915112136826377e-03 -4.403647452938988516e-03 -3.765099115359658508e-03 -3.125506824185758821e-03 -2.487297442703261929e-03 -1.849923359187868313e-03 -1.214257767833239752e-03 -6.482647725492902318e-04 9.947822858645690401e-04 3.109226865846814042e-03 5.822511435924220165e-03 9.299229285463454092e-03 1.373448476564417473e-02 1.936535818132673406e-02 2.645944011308573249e-02 3.529174553733448183e-02 4.609613589693422470e-02
-5.688089451635468946e-03 -5.045707915637200579e-03 -4.403597742526458268e-03 -3.762647964629194704e-03 -3.120431953677742145e-03 -2.481741452087394845e-03 -1.841831518336167111e-03 -1.204123915956848432e-03 -5.656716484052395607e-04 0.000000000000000000e+00 1.646280862506891178e-03 3.764838544162775989e-03 6.483909217264468942e-03 9.966424811824567409e-03 1.441085916089532640e-02 2.005203853869484340e-02 2.715879130286706633e-02 3.600815294092149510e-02 4.683416029787516172e-02
-3.824188438059632471e-03 -3.178297628342126226e-03 -2.533691475831613502e-03 -1.888733958355335489e-03 -1.244805628355325324e-03 -6.014264210808533025e-04 4.097878550146678839e-05 6.827136293380922129e-04 1.324713267370668072e-03 1.892966991739055511e-03 3.549309426295180637e-03 5.678293763090013976e-03 8.412181884175718230e-03 1.191345216217160746e-02 1.638267886504622337e-02 2.205543933817206981e-02 2.920302882131422043e-02 3.810215355778954344e-02 4.898915229079769951e-02
-1.413941869149178566e-03 -7.641480542939419309e-04 -1.143416582321563844e-04 5.346019738394115631e-04 1.183519836529082613e-03 1.831263084811939230e-03 2.478021019857108535e-03 3.124510568535745006e-03 3.769777748222215719e-03 4.342001716351153590e-03 6.009326270561652673e-03 8.153372061814720753e-03 1.090630659065394345e-02 1.443276721418859827e-02 1.893329085914967347e-02 2.464826541392831083e-02 3.184696563111354128e-02 4.081169835365423826e-02 5.177574326583964104e-02
1.704752608351535947e-03 2.360190700572286238e-03 3.015177571800991066e-03 3.669869951988702795e-03 4.323756534245964088e-03 4.977464823364655989e-03 5.629807468876707986e-03 6.281981543950330808e-03 6.933138433713235613e-03 7.511486952312546907e-03 9.192705105538512625e-03 1.135573457134620226e-02 1.413389287692225563e-02 1.769201441760520979e-02 2.223399938037691828e-02 2.800151729177280044e-02 3.526633872620517363e-02 4.431285982618275721e-02 5.537709111761655173e-02
5.740249702395179565e-03 6.402642538705313920e-03 7.065171090064236749e-03 7.727463200095287948e-03 8.388942420042089579e-03 9.049086746621535018e-03 9.709501965324942099e-03 1.036904942921327601e-02 1.102744163117124788e-02 1.161168433576989859e-02 1.331292693466979218e-02 1.550004167551173595e-02 1.831121541849308615e-02 2.191022277452640832e-02 2.650542819533750066e-02 3.234062707514635815e-02 3.969025350136479863e-02 4.884256457151379960e-02 6.003221714555245087e-02
1.096339878954842063e-02 1.163560861920956251e-02 1.230782735637025310e-02 1.297882266794290161e-02 1.365026492106913639e-02 1.431989271747203217e-02 1.498934146782497125e-02 1.565770622198212753e-02 1.632611120033177279e-02 1.691948648384207846e-02 1.864480590723720244e-02 2.086554708070091982e-02 2.371657082733272942e-02 2.736957783890922244e-02 3.203243933047165287e-02 3.795383693797119151e-02 4.541189498509295291e-02 5.469602109227142406e-02 6.604498231417751941e-02
1.772534807430783607e-02 1.841029636344070422e-02 1.909476821869148661e-02 1.977811819858162068e-02 2.046122169404738372e-02 2.114366061215648684e-02 2.182543276257362455e-02 2.250652327039045705e-02 2.318683698114227046e-02 2.379129545905983231e-02 2.554915495351556612e-02 2.780968331358313686e-02 3.071371770984527086e-02 3.443452994242738457e-02 3.918343481793752636e-02 4.521308781993963605e-02 5.280725120141230994e-02 6.225643502031517895e-02 7.380229360991201470e-02
2.648223739210828556e-02 2.718301688737351576e-02 2.788190104494179394e-02 2.858124445081050916e-02 2.927995906959153169e-02 2.997793254107101318e-02 3.067504241658836756e-02 3.137209107434561772e-02 3.206847519145550329e-02 3.268561323627505733e-02 3.448410371015143971e-02 3.679653745496117012e-02 3.976696206944193429e-02 4.357208767909406810e-02 4.842895355739167129e-02 5.459310600967730298e-02 6.235368014875307396e-02 7.200507470090539153e-02 8.379082596353644441e-02
3.781789060946061376e-02 3.853714136053524447e-02 3.925631822043847141e-02 3.997489898148064852e-02 4.069286546472143662e-02 4.141049050078272897e-02 4.212674046982806120e-02 4.284269431615242429e-02 4.355784557380225352e-02 4.419320940183240481e-02 4.604111164337709727e-02 4.841677390509101925e-02 5.146851203866724400e-02 5.537749879537021136e-02 6.036390948723837496e-02 6.669012384963343698e-02 7.465030527099807134e-02 8.454330141682181443e-02 9.664069984942530445e-02
5.247481288661628301e-02 5.321755513996909853e-02 5.396012498044208683e-02 5.470156700201988381e-02 5.544261748413138041e-02 5.618274649729609188e-02 5.692255849341742308e-02 5.766135404382169427e-02 5.839930237807528651e-02 5.905500802274638028e-02 6.096091381635169310e-02 6.341211135448783509e-02 6.655913548565207949e-02 7.058868936784350179e-02 7.572652015350181398e-02 8.224201942844296120e-02 9.043987964418087611e-02 1.006600070182484125e-01 1.131344775076089937e-01
