9.627300822253058868e+03 9.627300822253058868e+03 9.627300822253058868e+03 9.627300822253058868e+03 9.627300822253058868e+03 9.627300822253058868e+03 9.627300822253058868e+03 9.627300822253058868e+03 9.627300822253058868e+03 9.627300822253058868e+03 9.627300822253058868e+03 9.627300822253058868e+03 9.627300822253058868e+03 9.627300822253058868e+03 9.627300822253058868e+03 9.627300822253058868e+03 9.627300822253058868e+03 9.627300822253058868e+03 9.627300822253058868e+03
5.064300396240188906e-01 5.064800952041561555e-01 5.064949853099689481e-01 5.064671231861122003e-01 5.063978719438270160e-01 5.062949579330091598e-01 5.061592793824198910e-01 5.060006444806390835e-01 5.058175134793905237e-01 5.056377167160333030e-01 5.050371021105091174e-01 5.041363712032332911e-01 5.028293931966990593e-01 5.010004812322210732e-01 4.985139528891812111e-01 4.952432740756893548e-01 4.910621317587914869e-01 4.858694700546034584e-01 4.795868746915513126e-01
3.196717507895355248e-01 3.197113923437840954e-01 3.197055873761239786e-01 3.196492034879241384e-01 3.195493402344413147e-01 3.194121633618826062e-01 3.192438516179963437e-01 3.190491678222762140e-01 3.188316396753353987e-01 3.186213289508966207e-01 3.179379633387027226e-01 3.169403940200911651e-01 3.155304311612789347e-01 3.135966265888661675e-01 3.110242297178549276e-01 3.077008886840303381e-01 3.035260591346803927e-01 2.984180270712491478e-01 2.923179609893502007e-01
2.227843340237683212e-01 2.228165382309522935e-01 2.227982606389674602e-01 2.227265084739153689e-01 2.226082779435148984e-01 2.224516786924366496e-01 2.222636806713371715e-01 2.220492253898785351e-01 2.218124625209429712e-01 2.215859964793192860e-01 2.208562193492318304e-01 2.198071902541610112e-01 2.183437476050020254e-01 2.163593638502469552e-01 2.137497722783586740e-01 2.104123509227764921e-01 2.062595580302560017e-01 2.012179362884868317e-01 1.952375372854870950e-01
1.590131022557604579e-01 1.590413761087246247e-01 1.590148505136738111e-01 1.589301246875841067e-01 1.587975571280610398e-01 1.586280312734356379e-01 1.584259688614239325e-01 1.581978830244426260e-01 1.579476428799141685e-01 1.577105851253835789e-01 1.569500578039680350e-01 1.558681987640748445e-01 1.543693920695186350e-01 1.523544278588770673e-01 1.497254444023125852e-01 1.463854947485776214e-01 1.422555446179905592e-01 1.372683504555673728e-01 1.313764652720220694e-01
1.122134678161454402e-01 1.122390728382348379e-01 1.122031685260783535e-01 1.121103097988427888e-01 1.119689335495134414e-01 1.117870217752104933e-01 1.115756434536599034e-01 1.113369360062493180e-01 1.110777590122308256e-01 1.108310119241915359e-01 1.100492379964321810e-01 1.089407662323384901e-01 1.074174495965131426e-01 1.053840425243198348e-01 1.027428525512399243e-01 9.940573531607527213e-02 9.529546457236608148e-02 9.035374037655947987e-02 8.453378301703395881e-02
7.562833598154772297e-02 7.565100484470056730e-02 7.560925078366828589e-02 7.550787848290209381e-02 7.535872752529519658e-02 7.516978802234641766e-02 7.494893553415953036e-02 7.470189652319707274e-02 7.443477098213122090e-02 7.418080713702887574e-02 7.338167459369945855e-02 7.225489904424819976e-02 7.071346793884505932e-02 6.866449192486435982e-02 6.601601136266259384e-02 6.268310982436098300e-02 5.859428128048359968e-02 5.369053914701132219e-02 4.792875075734010643e-02
4.581702617417984097e-02 4.583776462639704841e-02 4.579126519406825913e-02 4.568378706429754993e-02 4.552626452105443255e-02 4.532950663163885785e-02 4.510247506414068186e-02 4.484951385324421197e-02 4.457458012318572110e-02 4.431656720296765772e-02 4.350203321458466499e-02 4.235971607160252117e-02 4.080337285549490156e-02 3.874385128456375033e-02 3.609100715074688853e-02 3.276298399492737212e-02 2.869312031190682580e-02 2.382327648272041659e-02 1.811072014030587485e-02
2.080163063046603505e-02 2.082021120520287025e-02 2.076952250521812982e-02 2.065532879597670179e-02 2.049329832996178019e-02 2.028970342485560130e-02 2.005713071429263139e-02 1.979766616233796100e-02 1.951825513837029610e-02 1.925511613922566492e-02 1.842796482135214409e-02 1.727268929486017526e-02 1.570595344315818542e-02 1.363768417564721960e-02 1.098218016295919759e-02 7.660575308284702650e-03 3.606892040166476913e-03 -1.233491201445472687e-03 -6.903475209385463024e-03
1.582877769352424111e-03 1.599681663320675880e-03 1.545682520957856977e-03 1.427482867427295674e-03 1.259880102631033560e-03 1.052953502897812721e-03 8.147918178883751215e-04 5.510448368004786188e-04 2.671462893765550058e-04 0.000000000000000000e+00 -8.368679947963655451e-04 -2.000773940291819195e-03 -3.576494652993408418e-03 -5.651748345993503654e-03 -8.308206596579648801e-03 -1.162409904494967304e-02 -1.566388229588600370e-02 -2.048017628803316600e-02 -2.611750305075413725e-02
-4.322651986484003783e-02 -4.321367905767132395e-02 -4.327624669265341117e-02 -4.340449587969270884e-02 -4.358382418526331875e-02 -4.380208149051893762e-02 -4.405119741001676387e-02 -4.432626165228684134e-02 -4.461916940371587342e-02 -4.489493933232646672e-02 -4.575271280361319776e-02 -4.693874013290690733e-02 -4.853416594348123475e-02 -5.062128731393752967e-02 -5.327926330049425480e-02 -5.658037528373995040e-02 -6.058440523065838912e-02 -6.534395890983123178e-02 -7.090254426169075030e-02
-8.546987290444015006e-02 -8.546095977352907713e-02 -8.553247790302950793e-02 -8.567136010815458447e-02 -8.586140698986459430e-02 -8.609083779029808037e-02 -8.635066065899765775e-02 -8.663575135929814375e-02 -8.693842262528064802e-02 -8.722163595407918246e-02 -8.810032780994991874e-02 -8.930574878279262663e-02 -9.091832758980786244e-02 -9.301435657465813300e-02 -9.567060459769501091e-02 -9.895381257617320847e-02 -1.029221273270129883e-01 -1.076265860788308548e-01 -1.131117609649468642e-01
-1.252184922824037816e-01 -1.252139236831113500e-01 -1.252950383219322006e-01 -1.254433234538915309e-01 -1.256440407830305139e-01 -1.258836371031348822e-01 -1.261540003288802725e-01 -1.264483039881938164e-01 -1.267604084801104980e-01 -1.270510103807446778e-01 -1.279486565720845959e-01 -1.291722365185951626e-01 -1.307983966816246291e-01 -1.329022102293916652e-01 -1.355538462983779113e-01 -1.388179475253250583e-01 -1.427506273424060668e-01 -1.474027549566110373e-01 -1.528223864933596354e-01
-1.625248005484655200e-01 -1.625248172886582798e-01 -1.626129416408441941e-01 -1.627730124487379304e-01 -1.629837336485440158e-01 -1.632334786150714812e-01 -1.635131138486112523e-01 -1.638162192828298003e-01 -1.641371298805816281e-01 -1.644354196974432136e-01 -1.653488809896042078e-01 -1.665900391673970637e-01 -1.682279077798956024e-01 -1.703362061102368097e-01 -1.729828199029656843e-01 -1.762278065439718822e-01 -1.801271757342264856e-01 -1.847324279910027844e-01 -1.900952905247165758e-01
-1.974230048889105416e-01 -1.974261657732577502e-01 -1.975234303483562048e-01 -1.976926584153043398e-01 -1.979133951518710910e-01 -1.981733568700292658e-01 -1.984624570624743678e-01 -1.987738470428334625e-01 -1.991030539422833645e-01 -1.994076947281889500e-01 -2.003374094488549195e-01 -2.015923536602867716e-01 -2.032416174905350148e-01 -2.053534954090925901e-01 -2.079937709216302388e-01 -2.112209628400186778e-01 -2.150903053835411249e-01 -2.196559472560158932e-01 -2.249714878464807166e-01
-2.299298728241721268e-01 -2.299376052198529585e-01 -2.300430982669709468e-01 -2.302221383232338769e-01 -2.304533948728669235e-01 -2.307217758145341524e-01 -2.310197261247438905e-01 -2.313397723946915563e-01 -2.316757863783594495e-01 -2.319861570357906466e-01 -2.329308353429612177e-01 -2.341993545591891934e-01 -2.358580139417923716e-01 -2.379730358750425101e-01 -2.406070286447197781e-01 -2.438186787147031409e-01 -2.476634898561820841e-01 -2.521967253298982858e-01 -2.574762558901003695e-01
-2.600504282705328740e-01 -2.600619566003483096e-01 -2.601757934650131276e-01 -2.603637080919666280e-01 -2.606045679745377930e-01 -2.608817716381381380e-01 -2.611880086235802700e-01 -2.615152167943333161e-01 -2.618589616022111710e-01 -2.621748020051569705e-01 -2.631341313885640631e-01 -2.644143990669274302e-01 -2.660814314824100912e-01 -2.681992677531677693e-01 -2.708288385988231739e-01 -2.740282595758857798e-01 -2.778532668244791393e-01 -2.823632753808276163e-01 -2.876170242481999040e-01
-2.877777966229296824e-01 -2.877935216361522941e-01 -2.879150130844508326e-01 -2.881116440448339699e-01 -2.883605858580363113e-01 -2.886469517557621045e-01 -2.889611297584656624e-01 -2.892961515608723500e-01 -2.896461927764588107e-01 -2.899671375878778989e-01 -2.909387542203082377e-01 -2.922306920987935430e-01 -2.939063161835971938e-01 -2.960277037478168394e-01 -2.986541860755504985e-01 -3.018445683499350052e-01 -3.056570594337100211e-01 -3.101515765305713490e-01 -3.153889797874296352e-01
-3.131025377662608467e-01 -3.131223192688143420e-01 -3.132510695666874678e-01 -3.134561688564618254e-01 -3.137132292969621594e-01 -3.140075458457142754e-01 -3.143291148423027481e-01 -3.146706822956333860e-01 -3.150271196636351134e-01 -3.153534628309967447e-01 -3.163369787126734112e-01 -3.176397884313914566e-01 -3.193237215435559273e-01 -3.214493201164640990e-01 -3.240752500237626954e-01 -3.272609959760028331e-01 -3.310662966829923115e-01 -3.355526798178377623e-01 -3.407807498104119537e-01
