9.627300822253058868e+03 9.627300822253058868e+03 9.627300822253058868e+03 9.627300822253058868e+03 9.627300822253058868e+03 9.627300822253058868e+03 9.627300822253058868e+03 9.627300822253058868e+03 9.627300822253058868e+03 9.627300822253058868e+03 9.627300822253058868e+03 9.627300822253058868e+03 9.627300822253058868e+03 9.627300822253058868e+03 9.627300822253058868e+03 9.627300822253058868e+03 9.627300822253058868e+03 9.627300822253058868e+03 9.627300822253058868e+03
5.079976480605719047e-01 5.077316901596526932e-01 5.074652966232567897e-01 5.072003500906561158e-01 5.069347562228331272e-01 5.066692606239182606e-01 5.064037714265765544e-01 5.061380299379005798e-01 5.058722513577327273e-01 5.056377167160333030e-01 5.049512443773142012e-01 5.040650322010351569e-01 5.029236350168018177e-01 5.014516798796520014e-01 4.995568463519011182e-01 4.971202356227466534e-01 4.939913373758978432e-01 4.899862571476076845e-01 4.848792299705131370e-01
3.206513249946011390e-01 3.204238850310930364e-01 3.201951602342569814e-01 3.199662910160771534e-01 3.197371634563373477e-01 3.195094626305543528e-01 3.192811465630422396e-01 3.190528998061782917e-01 3.188246918731184043e-01 3.186213289508966207e-01 3.180297373295020158e-01 3.172684629645313725e-01 3.162862412194091255e-01 3.150194417913308453e-01 3.133887971058840760e-01 3.112910205650853412e-01 3.085983220571745789e-01 3.051503923136130725e-01 3.007543710782366597e-01
2.234502186528787016e-01 2.232402764880940249e-01 2.230297514641563505e-01 2.228194253021908711e-01 2.226094095916559545e-01 2.224009345969063800e-01 2.221912168408905763e-01 2.219816530485866357e-01 2.217721474218920519e-01 2.215859964793192860e-01 2.210435108970701945e-01 2.203440357112903258e-01 2.194417792952195467e-01 2.182790974722433330e-01 2.167815681789543591e-01 2.148561700713851053e-01 2.123838099266012747e-01 2.092173832294369484e-01 2.051821475263310990e-01
1.594666005974031409e-01 1.592688131740507829e-01 1.590706697573519290e-01 1.588730591573877526e-01 1.586754455306424449e-01 1.584776037179570496e-01 1.582807339551264569e-01 1.580823825139362759e-01 1.578856498687095100e-01 1.577105851253835789e-01 1.571992920787622927e-01 1.565407578521477161e-01 1.556909417349835734e-01 1.545957148782330648e-01 1.531851571576301474e-01 1.513714872666386546e-01 1.490413373443903178e-01 1.460602359430061559e-01 1.422579583012908155e-01
1.125077121612912262e-01 1.123194053816982396e-01 1.121306354142933975e-01 1.119417677067115063e-01 1.117522101005916785e-01 1.115638203814616064e-01 1.113757754552918561e-01 1.111863613927170091e-01 1.109982540472351370e-01 1.108310119241915359e-01 1.103432107269069623e-01 1.097136069767793293e-01 1.089023592095780257e-01 1.078548787628206829e-01 1.065089045265714962e-01 1.047764260313188284e-01 1.025507694801478104e-01 9.970245576079569960e-02 9.607089417479498794e-02
7.579770079321257459e-02 7.561560965655499122e-02 7.543369333705782220e-02 7.525126191426326216e-02 7.506978082950185871e-02 7.488815035426704680e-02 7.470530105445580271e-02 7.452465019799300872e-02 7.434217607790175042e-02 7.418080713702887574e-02 7.371151672554453194e-02 7.310506031913875657e-02 7.232222652393588413e-02 7.131492144353142326e-02 7.001710989975568067e-02 6.834743000846427163e-02 6.620443034620887568e-02 6.345969284435248881e-02 5.995892507286599421e-02
4.588308312606941691e-02 4.570626628194344315e-02 4.552961994631987697e-02 4.535320995407180616e-02 4.517703112572371560e-02 4.500068057359769141e-02 4.482504885696612235e-02 4.464798395166256345e-02 4.447203722135436438e-02 4.431656720296765772e-02 4.385985818522168678e-02 4.327294502660072872e-02 4.251502748795384090e-02 4.153674228333130436e-02 4.028003085183742144e-02 3.866095471844569614e-02 3.658288796292477607e-02 3.392378680984355771e-02 3.053148126859133241e-02
2.078004905456884086e-02 2.060712594070726253e-02 2.043661929372793049e-02 2.026472714040316800e-02 2.009217399513427149e-02 1.992158831043397069e-02 1.975012999380838449e-02 1.957894565259245961e-02 1.940753934363628058e-02 1.925511613922566492e-02 1.881120024021449080e-02 1.823937459090426913e-02 1.750109237764834944e-02 1.655031432483399303e-02 1.532525893873236227e-02 1.374898136401366856e-02 1.172753288651001181e-02 9.137398735965151370e-03 5.834607806009787893e-03
1.493402336526327649e-03 1.325047832916843122e-03 1.157001312339578630e-03 9.881213992362196125e-04 8.199422972797909982e-04 6.527607900960719599e-04 4.847137256116325799e-04 3.160834478593365737e-04 1.487102028574538751e-04 0.000000000000000000e+00 -4.342573442762648448e-04 -9.955603054212208008e-04 -1.717022521642905209e-03 -2.649271960064713844e-03 -3.848391809454448833e-03 -5.390076508649016725e-03 -7.370851978757952602e-03 -9.906714079157588962e-03 -1.314086160418370501e-02
-4.347484651310225962e-02 -4.363485768538816201e-02 -4.379490396732828306e-02 -4.395566388179382444e-02 -4.411523888176046432e-02 -4.427423376307570990e-02 -4.443431659988467813e-02 -4.459384034316313250e-02 -4.475274140188897909e-02 -4.489493933232646672e-02 -4.530743179283648614e-02 -4.584012750931875518e-02 -4.652764540221487888e-02 -4.741245691910033616e-02 -4.855299223847974605e-02 -5.001961385324721343e-02 -5.190177429161013656e-02 -5.431260631254847954e-02 -5.738713567092915135e-02
-8.587177403592022307e-02 -8.602345865779395528e-02 -8.617607042931278716e-02 -8.632822622987308681e-02 -8.647941767369889121e-02 -8.663223045774824660e-02 -8.678389829309987591e-02 -8.693478858390391029e-02 -8.708684295483014315e-02 -8.722163595407918246e-02 -8.761483771836872658e-02 -8.812129728950077179e-02 -8.877545468400684092e-02 -8.961690012227860325e-02 -9.070160868075416438e-02 -9.209710181386170091e-02 -9.388824978402245114e-02 -9.618206886016793244e-02 -9.910722254590446922e-02
-1.257650129572747133e-01 -1.259103599197236301e-01 -1.260556730179047125e-01 -1.261997204518428561e-01 -1.263443792238659602e-01 -1.264888634482247420e-01 -1.266340217949387392e-01 -1.267778980939114619e-01 -1.269225172771332733e-01 -1.270510103807446778e-01 -1.274249484059375159e-01 -1.279075992920414018e-01 -1.285305388899676826e-01 -1.293318709323029447e-01 -1.303651469502276061e-01 -1.316931918229057585e-01 -1.333990217947929602e-01 -1.355833286031330187e-01 -1.383691316697916174e-01
-1.632093187442312521e-01 -1.633472554412439826e-01 -1.634854086298499209e-01 -1.636232185383918458e-01 -1.637618534813083115e-01 -1.638990077275580826e-01 -1.640370602019174395e-01 -1.641745818249000233e-01 -1.643124266947335876e-01 -1.644354196974432136e-01 -1.647915431265645769e-01 -1.652514814436328583e-01 -1.658445230726605102e-01 -1.666089061297598428e-01 -1.675933073613679325e-01 -1.688595554489157879e-01 -1.704855589373214519e-01 -1.725676819305461129e-01 -1.752235211612081234e-01
-1.982376952385752900e-01 -1.983695204982274529e-01 -1.985013038423764364e-01 -1.986328903010368407e-01 -1.987646674883620790e-01 -1.988960862998441215e-01 -1.990276131824791905e-01 -1.991596474791845484e-01 -1.992910570070658971e-01 -1.994076947281889500e-01 -1.997479445784357266e-01 -2.001864691387638395e-01 -2.007531662818976270e-01 -2.014820556409725183e-01 -2.024216056791768026e-01 -2.036300078934427105e-01 -2.051817258689724033e-01 -2.071688011918831063e-01 -2.097027894412702154e-01
-2.308684651995229209e-01 -2.309944976478583434e-01 -2.311202815392078280e-01 -2.312461513070580288e-01 -2.313717600973224375e-01 -2.314975306995921134e-01 -2.316231118054421501e-01 -2.317486427253972192e-01 -2.318744715121984767e-01 -2.319861570357906466e-01 -2.323115441041580798e-01 -2.327311261827001154e-01 -2.332718024647477961e-01 -2.339689234736927470e-01 -2.348666884641955610e-01 -2.360214610703307847e-01 -2.375043808564012704e-01 -2.394040137807649238e-01 -2.418252454629078174e-01
-2.611055669682545988e-01 -2.612257152943640581e-01 -2.613458353715989446e-01 -2.614667822671136177e-01 -2.615868672560769381e-01 -2.617071440701507767e-01 -2.618274986774805635e-01 -2.619477832587953636e-01 -2.620680867872077213e-01 -2.621748020051569705e-01 -2.624859152325627609e-01 -2.628877034979857363e-01 -2.634053743610734744e-01 -2.640728606562887659e-01 -2.649322691192246282e-01 -2.660375512823446309e-01 -2.674570974693829539e-01 -2.692746654134273165e-01 -2.715930919363809815e-01
-2.889416847454805981e-01 -2.890567457136055673e-01 -2.891723472659430971e-01 -2.892877807086950415e-01 -2.894033648846674467e-01 -2.895188919780223302e-01 -2.896339270805405874e-01 -2.897494936037037228e-01 -2.898645791362713386e-01 -2.899671375878778989e-01 -2.902659052513161253e-01 -2.906510938303753511e-01 -2.911472681813463415e-01 -2.917873030977114479e-01 -2.926115424403841203e-01 -2.936718321650282904e-01 -2.950334903402296316e-01 -2.967763681636859663e-01 -2.989995020376175483e-01
-3.143673357251843270e-01 -3.144782372950599147e-01 -3.145894692612417609e-01 -3.147003469814200205e-01 -3.148114354177994900e-01 -3.149223163332618425e-01 -3.150332806516016326e-01 -3.151440633124709678e-01 -3.152548121326565478e-01 -3.153534628309967447e-01 -3.156401541202603633e-01 -3.160102097418462930e-01 -3.164874886468135307e-01 -3.171026591709061870e-01 -3.178947712464424979e-01 -3.189134881913971986e-01 -3.202221415136951577e-01 -3.218975970010842236e-01 -3.240343606864338755e-01
