4.435977204283291786e-01 4.433175076494874634e-01 4.430377099976903765e-01 4.427581262229412506e-01 4.424773379504032822e-01 4.421976648068631777e-01 4.419182398281942259e-01 4.416397774950412414e-01 4.413602065512646777e-01 4.411121493317965991e-01 4.403891252346203711e-01 4.394557975144803286e-01 4.382541530724854972e-01 4.367043567736969556e-01 4.347087308131514227e-01 4.321436977859425266e-01 4.288506421890632136e-01 4.246348101796469932e-01 4.192616600659775372e-01
3.626446810988364078e-01 3.623933157445087261e-01 3.621428862136516491e-01 3.618918754833588269e-01 3.616401189495695445e-01 3.613898752411255355e-01 3.611386379606500996e-01 3.608882347565423587e-01 3.606376194510459432e-01 3.604148719434732140e-01 3.597663299748534715e-01 3.589288298795725862e-01 3.578490201452061426e-01 3.564585620739830762e-01 3.546680478823116545e-01 3.523646883926798701e-01 3.494077052300285646e-01 3.456222268513560181e-01 3.407958147706481866e-01
2.705921936173581455e-01 2.703670562354895668e-01 2.701414311827355919e-01 2.699157817192833764e-01 2.696904226038114860e-01 2.694649222119665510e-01 2.692391994899275276e-01 2.690147444697001955e-01 2.687895379143688257e-01 2.685894926449063358e-01 2.680067605257770991e-01 2.672542483850986472e-01 2.662854788273376072e-01 2.650365799624452290e-01 2.634281114770426480e-01 2.613590239699080109e-01 2.587027736474926676e-01 2.553015817875702864e-01 2.509662584020944109e-01
2.016507047899061544e-01 2.014411784550860229e-01 2.012322251198779555e-01 2.010227705409247112e-01 2.008133748719089784e-01 2.006046903739502896e-01 2.003957654370351893e-01 2.001867298875229240e-01 1.999772743202492264e-01 1.997916946075239397e-01 1.992517283079295876e-01 1.985542752272762279e-01 1.976543638360029609e-01 1.964958729956395034e-01 1.950032207244768445e-01 1.930828254271199085e-01 1.906182177024192126e-01 1.874628521564429273e-01 1.834398696733705592e-01
1.492633058580787597e-01 1.490652188708080639e-01 1.488674631030693640e-01 1.486694479267592628e-01 1.484723267009301351e-01 1.482746774231246678e-01 1.480771781333312109e-01 1.478784675863605569e-01 1.476817282969593026e-01 1.475058493112480773e-01 1.469954608928747686e-01 1.463367017109930834e-01 1.454866141878709551e-01 1.443914582492359655e-01 1.429807187872799978e-01 1.411665511090015590e-01 1.388369972981549350e-01 1.358540981963375360e-01 1.320512235410758461e-01
1.077296951596560526e-01 1.075405633618792683e-01 1.073508766309835827e-01 1.071623986578054410e-01 1.069733183840717305e-01 1.067846717164418480e-01 1.065949000650291273e-01 1.064071485088884800e-01 1.062176320096036575e-01 1.060499656857189221e-01 1.055621949758886041e-01 1.049319129730280492e-01 1.041194678792973227e-01 1.030721396152413788e-01 1.017230546634746019e-01 9.998926935241445046e-02 9.776237408326693412e-02 9.491051462395522220e-02 9.127472949054493689e-02
7.369593180834675683e-02 7.351254828631603733e-02 7.333047397017090907e-02 7.314844346680880738e-02 7.296653297686836459e-02 7.278526435976945264e-02 7.260317220786847991e-02 7.242125189423488651e-02 7.223957200085069641e-02 7.207788894720917883e-02 7.160751136309694009e-02 7.100032784905460637e-02 7.021736461174443722e-02 6.920772275520650774e-02 6.790911123513056202e-02 6.623717073486992679e-02 6.409152560994609005e-02 6.134360579867538521e-02 5.784059073723420152e-02
4.509950254848543727e-02 4.492283783444388223e-02 4.474549145112993731e-02 4.456962756161965411e-02 4.439365322572078054e-02 4.421742833499404945e-02 4.404073390659915543e-02 4.386457679907369150e-02 4.368850579550933450e-02 4.353207630784889509e-02 4.307593792551231426e-02 4.248753217070774107e-02 4.172891614699878599e-02 4.075019070423623740e-02 3.949163485053724942e-02 3.787269803861063183e-02 3.579337134895975436e-02 3.313099891486339516e-02 2.973581780122412990e-02
2.059405535448931290e-02 2.042237208263286696e-02 2.024943192709997147e-02 2.007864052385216480e-02 1.990716745301713761e-02 1.973456105942114971e-02 1.956294418922504066e-02 1.939187780566769756e-02 1.922089829979812051e-02 1.906817865143590682e-02 1.862471651974335549e-02 1.805229721389134054e-02 1.731363936260508357e-02 1.636267839278500447e-02 1.513751642805564492e-02 1.356157123525811130e-02 1.153814096463987374e-02 8.946855412811515959e-03 5.643324233222928726e-03
1.493402336526327649e-03 1.325047832916843122e-03 1.157001312339578630e-03 9.881213992362196125e-04 8.199422972797909982e-04 6.527607900960719599e-04 4.847137256116325799e-04 3.160834478593365737e-04 1.487102028574538751e-04 0.000000000000000000e+00 -4.342573442762648448e-04 -9.955603054212208008e-04 -1.717022521642905209e-03 -2.649271960064713844e-03 -3.848391809454448833e-03 -5.390076508649016725e-03 -7.370851978757952602e-03 -9.906714079157588962e-03 -1.314086160418370501e-02
-4.381667979979110561e-02 -4.397545188775591612e-02 -4.413616232957835034e-02 -4.429494208307637598e-02 -4.445434613567112586e-02 -4.461380313380375329e-02 -4.477293984215946487e-02 -4.493361324175164373e-02 -4.509271971160584008e-02 -4.523348896025460725e-02 -4.564593225200555549e-02 -4.617813119629093910e-02 -4.686431231380917134e-02 -4.774906087278150968e-02 -4.888727393987071790e-02 -5.035249294848417878e-02 -5.223270715172840389e-02 -5.464111363241264813e-02 -5.771201089089470632e-02
-8.736376174569261688e-02 -8.751555695152481162e-02 -8.766720760296774217e-02 -8.781884551312048315e-02 -8.797122957973436963e-02 -8.812206109357285932e-02 -8.827338621871311242e-02 -8.842471302299906299e-02 -8.857633508220041918e-02 -8.871078966891007833e-02 -8.910299103003371801e-02 -8.960909146943336900e-02 -9.026088569243337356e-02 -9.110033502936916439e-02 -9.218206297766280699e-02 -9.357361770778031829e-02 -9.536028623297508611e-02 -9.764897877808369209e-02 -1.005663973919035115e-01
-1.290030011732113402e-01 -1.291478681521223693e-01 -1.292915548663118308e-01 -1.294356789540356267e-01 -1.295798892515285239e-01 -1.297248083295661492e-01 -1.298678261407429091e-01 -1.300119363415393747e-01 -1.301557088345033086e-01 -1.302835765469425311e-01 -1.306567548972381865e-01 -1.311364933847568859e-01 -1.317561331313032158e-01 -1.325545742566612284e-01 -1.335827643899510364e-01 -1.349060501951858115e-01 -1.366039469924379135e-01 -1.387787265512304691e-01 -1.415523516905400625e-01
-1.687093992859534097e-01 -1.688463817259882038e-01 -1.689842874537977879e-01 -1.691206078259430701e-01 -1.692576436924614069e-01 -1.693944889204708204e-01 -1.695311344370567241e-01 -1.696680890946325737e-01 -1.698049242806947967e-01 -1.699273557875522755e-01 -1.702804002857549459e-01 -1.707376492954386649e-01 -1.713265713878366070e-01 -1.720860051091274434e-01 -1.730638369928000631e-01 -1.743218983369385078e-01 -1.759372729809703384e-01 -1.780042671351122485e-01 -1.806414829685373535e-01
-2.065262216227503611e-01 -2.066567907100339829e-01 -2.067869063159104848e-01 -2.069174594115085475e-01 -2.070477948388514955e-01 -2.071778964023853475e-01 -2.073082722568945768e-01 -2.074382970448369334e-01 -2.075684614197510214e-01 -2.076841301052953226e-01 -2.080211256134099074e-01 -2.084554665139135288e-01 -2.090159900184063446e-01 -2.097380708961580909e-01 -2.106685541751188162e-01 -2.118645517220916763e-01 -2.134011629967081936e-01 -2.153678964073633129e-01 -2.178764831717082406e-01
-2.425322258148677190e-01 -2.426560270972807631e-01 -2.427808037652032236e-01 -2.429044460832806007e-01 -2.430281173944053297e-01 -2.431520768156043844e-01 -2.432757582660425022e-01 -2.433997624001183469e-01 -2.435236606508432156e-01 -2.436335607391344471e-01 -2.439541557012487871e-01 -2.443676178206257432e-01 -2.449013525221231669e-01 -2.455883622261885724e-01 -2.464729900192633161e-01 -2.476119678601720331e-01 -2.490732076014177954e-01 -2.509450860111612225e-01 -2.533321092617715764e-01
-2.768161914083578923e-01 -2.769347556650443853e-01 -2.770522177516180351e-01 -2.771701029197827237e-01 -2.772881286660474065e-01 -2.774060862163671426e-01 -2.775242158659760316e-01 -2.776420054850352037e-01 -2.777596286814760229e-01 -2.778648798702784695e-01 -2.781694478012317062e-01 -2.785633205814577740e-01 -2.790707958185870696e-01 -2.797247809348521463e-01 -2.805672547815247220e-01 -2.816505892798578103e-01 -2.830418900538956284e-01 -2.848235759199679862e-01 -2.870957047610819823e-01
-3.094689932267717380e-01 -3.095815919686150108e-01 -3.096943648303117635e-01 -3.098063011443223935e-01 -3.099183669355266013e-01 -3.100308888261125717e-01 -3.101430860578335835e-01 -3.102553450173857752e-01 -3.103677509692393532e-01 -3.104673493508674498e-01 -3.107577123356650151e-01 -3.111324256526822873e-01 -3.116154906715826178e-01 -3.122383620935308413e-01 -3.130402350532899836e-01 -3.140717696893288724e-01 -3.153964496294592856e-01 -3.170925646132393139e-01 -3.192556277159812606e-01
-3.405771608945943885e-01 -3.406841893161222101e-01 -3.407913838159157827e-01 -3.408982059615936477e-01 -3.410052947193872863e-01 -3.411123988013883834e-01 -3.412192125044120616e-01 -3.413259356629695374e-01 -3.414328146269182684e-01 -3.415277486611065783e-01 -3.418043589972976637e-01 -3.421610164138669807e-01 -3.426209364756532816e-01 -3.432140125330752078e-01 -3.439777932277534034e-01 -3.449600259205613528e-01 -3.462211452355788421e-01 -3.478363476616775918e-01 -3.498960176813161738e-01
