1.479933533802858803e-01 1.479593430700103240e-01 1.479267241056910209e-01 1.478931395604909382e-01 1.478601251055038368e-01 1.478270724806572956e-01 1.477941689673496206e-01 1.477623256003886554e-01 1.477284061192647713e-01 1.476996643013590571e-01 1.476143221971749075e-01 1.475044966843598593e-01 1.473640754771232686e-01 1.471838200515046546e-01 1.469533245934337429e-01 1.466576670527430515e-01 1.462825593262637447e-01 1.458060485156889852e-01 1.452057719263585844e-01
1.411357589586149930e-01 1.411028498920930685e-01 1.410704891961075957e-01 1.410385857683529309e-01 1.410053207223044558e-01 1.409735738927634929e-01 1.409402918939989258e-01 1.409087672356049703e-01 1.408758935885068009e-01 1.408471018179567325e-01 1.407640230809412418e-01 1.406557238052010828e-01 1.405184292217188657e-01 1.403406390495755829e-01 1.401130748413600136e-01 1.398221723543828787e-01 1.394526724098986981e-01 1.389839951221763514e-01 1.383930925003164780e-01
1.246195417961184077e-01 1.245889727674210495e-01 1.245586006946194230e-01 1.245290582487119657e-01 1.244981030882298667e-01 1.244677030784508698e-01 1.244375173736390339e-01 1.244075370023798310e-01 1.243776815035456257e-01 1.243503683029738571e-01 1.242727704212487905e-01 1.241723476938100812e-01 1.240434109941848800e-01 1.238780279214215380e-01 1.236663367726481277e-01 1.233956320038783749e-01 1.230512246712857638e-01 1.226139826098534141e-01 1.220629908726329621e-01
1.049548472538034405e-01 1.049272339945641203e-01 1.048996540284912599e-01 1.048721073854637781e-01 1.048445940846844254e-01 1.048171141392772177e-01 1.047896675702902625e-01 1.047622543921870319e-01 1.047348746247659668e-01 1.047105651125570525e-01 1.046398416696346506e-01 1.045488316567374787e-01 1.044318531865375405e-01 1.042816877097153400e-01 1.040894784343176366e-01 1.038433596502687517e-01 1.035298808642359097e-01 1.031328901603146275e-01 1.026320001740543969e-01
8.476827027474818921e-02 8.474343377514458042e-02 8.471876381527222721e-02 8.469496733490762541e-02 8.466963211221548158e-02 8.464499710480616335e-02 8.462060079559041714e-02 8.459587648764783918e-02 8.457232007383558292e-02 8.455010226437215115e-02 8.448701756581344924e-02 8.440563583783321222e-02 8.430155221602672611e-02 8.416623184340221719e-02 8.399539337203749956e-02 8.377586422627816831e-02 8.349605465151126171e-02 8.314124303639504332e-02 8.269369673978851920e-02
6.516359098290419594e-02 6.514163375500306441e-02 6.511969512658774550e-02 6.509797803349386125e-02 6.507588206122359720e-02 6.505403189201768022e-02 6.503218656298771772e-02 6.501038529814770484e-02 6.498864052868356944e-02 6.496922481999567456e-02 6.491294103697770046e-02 6.484034187765982948e-02 6.474756656606694971e-02 6.462800895955278513e-02 6.447480668811841897e-02 6.427906783871698004e-02 6.402956810578512570e-02 6.371317866246073436e-02 6.331362140418500539e-02
4.661519141871743599e-02 4.659564225009227290e-02 4.657605879391309850e-02 4.655690766291259441e-02 4.653747995644352126e-02 4.651747703320983224e-02 4.649815497498944322e-02 4.647863958538582529e-02 4.645941376889077545e-02 4.644230157332186054e-02 4.639230345079009554e-02 4.632808586061074041e-02 4.624524287398528583e-02 4.613876233182509501e-02 4.600297020418351451e-02 4.582869541160331656e-02 4.560697620461499902e-02 4.532587752652616347e-02 4.497139057272814266e-02
2.932542951184353291e-02 2.930857473445640932e-02 2.929075390777587801e-02 2.927317386252610912e-02 2.925619022948905759e-02 2.923830830681183393e-02 2.922107567550426971e-02 2.920385938358320901e-02 2.918749658936293026e-02 2.917223360502240251e-02 2.912796779966098440e-02 2.907046965919029419e-02 2.899636410023933783e-02 2.890244491262298696e-02 2.878211451362279807e-02 2.862753787070316386e-02 2.842989980525504820e-02 2.818039096897090659e-02 2.786434685448169885e-02
1.332216364512831507e-02 1.330729304760447894e-02 1.329192155443718361e-02 1.327621448415460328e-02 1.326103448457270802e-02 1.324496200133887941e-02 1.323035562472739748e-02 1.321473860579270437e-02 1.319962069807566196e-02 1.318628289997469255e-02 1.314663772551302214e-02 1.309580282845075085e-02 1.303046775930015617e-02 1.294620462991803375e-02 1.283855334387207919e-02 1.270169813767184352e-02 1.252584981729363764e-02 1.230331629631163833e-02 1.202114647866611014e-02
1.233908433573619693e-04 1.094229125548201042e-04 9.547090590586310697e-05 8.153485232731539744e-05 6.781976697492193666e-05 5.385738629600314315e-05 4.002219417797148984e-05 2.614996209811925787e-05 1.275049522946561030e-05 0.000000000000000000e+00 -3.580437551360158926e-05 -8.193153632299389499e-05 -1.407819890284382281e-04 -2.172449705162229515e-04 -3.149006357880686333e-04 -4.397814094137190012e-04 -5.984656991223300795e-04 -7.999491412369252527e-04 -1.054744717294411405e-03
-3.356307964739644462e-02 -3.357449354283771614e-02 -3.358441022575490292e-02 -3.359572106773979494e-02 -3.360645140511545059e-02 -3.361696644862322003e-02 -3.362775623684418486e-02 -3.363815836260951320e-02 -3.364883892293687312e-02 -3.365776139084409452e-02 -3.368592161477126923e-02 -3.372144256927751133e-02 -3.376671929165943331e-02 -3.382488972833948282e-02 -3.389982647990442272e-02 -3.399559440539666466e-02 -3.411756444468692223e-02 -3.427311135402050235e-02 -3.446887616684576189e-02
-6.875339207231928595e-02 -6.876112376212147048e-02 -6.876908984088779542e-02 -6.877771609989563606e-02 -6.878560792755331055e-02 -6.879353308603712580e-02 -6.880140800592250694e-02 -6.880931464389430929e-02 -6.881716294732179162e-02 -6.882400188867751623e-02 -6.884406322130010025e-02 -6.887095229665832208e-02 -6.890511262592900754e-02 -6.894873829951264632e-02 -6.900425652859938641e-02 -6.907571345818161457e-02 -6.916652293997004042e-02 -6.928248940023579161e-02 -6.942842400424911742e-02
-1.036732125475893218e-01 -1.036788382379107698e-01 -1.036844308832737260e-01 -1.036900311807125580e-01 -1.036956735448568145e-01 -1.037008552801667316e-01 -1.037064589454425589e-01 -1.037124279227103901e-01 -1.037180310598805888e-01 -1.037236303974366364e-01 -1.037373639299527250e-01 -1.037559483124796955e-01 -1.037798148464425946e-01 -1.038109186514994536e-01 -1.038498278571642341e-01 -1.039004867253916498e-01 -1.039646273303908852e-01 -1.040464986332896441e-01 -1.041496935386490019e-01
-1.364666421693120912e-01 -1.364704234202048228e-01 -1.364742246430592776e-01 -1.364779645168960054e-01 -1.364819089570854516e-01 -1.364855220843203820e-01 -1.364890689033029236e-01 -1.364930966774124399e-01 -1.364968185677555290e-01 -1.364995675130725450e-01 -1.365097445836764567e-01 -1.365225458515863799e-01 -1.365383647616731921e-01 -1.365594574299794639e-01 -1.365858819512746625e-01 -1.366197049397173124e-01 -1.366622350842120470e-01 -1.367178840571509069e-01 -1.367877469809746782e-01
-1.668668402953513707e-01 -1.668692007064818128e-01 -1.668720645094376454e-01 -1.668746831385347629e-01 -1.668772932467474934e-01 -1.668798846712744588e-01 -1.668825079092470243e-01 -1.668850939576039805e-01 -1.668877205977651323e-01 -1.668900716306811749e-01 -1.668967880209274723e-01 -1.669057290421739337e-01 -1.669168573518503285e-01 -1.669311615831972351e-01 -1.669495224177788839e-01 -1.669727515665248574e-01 -1.670027573135909327e-01 -1.670411782572011061e-01 -1.670897389697935109e-01
-1.957368460700706081e-01 -1.957389111822717687e-01 -1.957408451232245938e-01 -1.957427677535361343e-01 -1.957442681952782648e-01 -1.957463925028755658e-01 -1.957482704952831498e-01 -1.957500433884837854e-01 -1.957519141656818285e-01 -1.957531421948587869e-01 -1.957583097731776245e-01 -1.957641430030602203e-01 -1.957726737079226176e-01 -1.957829853695565447e-01 -1.957962184781556758e-01 -1.958129377537771720e-01 -1.958347927936757993e-01 -1.958626288749990563e-01 -1.958976303778719730e-01
-2.224134845558607965e-01 -2.224150055499312384e-01 -2.224161195432061977e-01 -2.224174191931908295e-01 -2.224188649950378238e-01 -2.224197405974393804e-01 -2.224213076778386866e-01 -2.224225813799023399e-01 -2.224237074387645507e-01 -2.224250217052080036e-01 -2.224284253685153978e-01 -2.224323601871075196e-01 -2.224381452796236613e-01 -2.224452930820831897e-01 -2.224541918065141288e-01 -2.224663051273310099e-01 -2.224811643342951284e-01 -2.225003195234904196e-01 -2.225245756821376819e-01
-2.451996009155114897e-01 -2.452004353481748444e-01 -2.452012689680586888e-01 -2.452021018314849699e-01 -2.452028181033188148e-01 -2.452040893709698521e-01 -2.452049178547132113e-01 -2.452057235413157565e-01 -2.452063215298266319e-01 -2.452073038479389566e-01 -2.452089823030531024e-01 -2.452117919885707098e-01 -2.452157399934666859e-01 -2.452203485971797825e-01 -2.452262485780098700e-01 -2.452337119278018840e-01 -2.452433616854370613e-01 -2.452556873669873017e-01 -2.452713777762992042e-01
-2.640203758494869546e-01 -2.640209178206119889e-01 -2.640214593414700328e-01 -2.640220004668629161e-01 -2.640225411803550082e-01 -2.640230814819891081e-01 -2.640236213526447884e-01 -2.640241608355447522e-01 -2.640246977779781012e-01 -2.640251757451819725e-01 -2.640265710802544019e-01 -2.640283675800647045e-01 -2.640306480745623907e-01 -2.640336565771193578e-01 -2.640374742331044744e-01 -2.640423590696491241e-01 -2.640486856524555392e-01 -2.640566442057830088e-01 -2.640669701405085612e-01
