1.233904657441019725e-04 1.094225254620296656e-04 9.547051454678855142e-05 8.153445678445952300e-05 6.781950343491666123e-05 5.385711776862315772e-05 4.002192565463576148e-05 2.614969871401998818e-05 1.275349601699691871e-05 6.486296764362655570e-11 -3.580464746626296161e-05 -8.193180409794031710e-05 -1.407808999375839709e-04 -2.172452355390541603e-04 -3.149009658675872556e-04 -4.397826480813275341e-04 -5.984659657489103772e-04 -7.999413041563124176e-04 -1.054875946821862923e-03
1.233905111210423775e-04 1.094225716532807257e-04 9.547056122456343730e-05 8.153450394653388549e-05 6.781953469053347611e-05 5.385714929621609234e-05 4.002195610564813284e-05 2.614973121526720243e-05 1.275321434882286042e-05 -8.448124200827044413e-11 -3.580483254247256847e-05 -8.193177792999571554e-05 -1.407809339887917607e-04 -2.172452046767410754e-04 -3.149009278283401020e-04 -4.397814324245163161e-04 -5.984659351478562430e-04 -7.999441738942239142e-04 -1.054875630416575536e-03
1.233905582934296033e-04 1.094226246651670696e-04 9.547061502730374931e-05 8.153455845479440735e-05 6.781956418750619800e-05 5.385717951812144037e-05 4.002198795132168519e-05 2.614975877160438550e-05 1.275304114775786917e-05 -1.465700532478426105e-10 -3.580462278700845844e-05 -8.193174376939086939e-05 -1.407810456545017239e-04 -2.172451738259541438e-04 -3.149009197400332223e-04 -4.397816364929496374e-04 -5.984659047277823395e-04 -7.999401933846139474e-04 -1.054741017799626238e-03
1.233906079320032097e-04 1.094226748282805059e-04 9.547066582152311160e-05 8.153461012661700332e-05 6.781959403592463975e-05 5.385721041015977098e-05 4.002201791864121139e-05 2.614978985635144283e-05 1.275220069686409859e-05 3.846814036603923716e-11 -3.580457846036096267e-05 -8.193171390803080775e-05 -1.407811885533829285e-04 -2.172451434590622814e-04 -3.149008368504075577e-04 -4.397826202069097536e-04 -5.984658760788898364e-04 -7.999394429193948993e-04 -1.054876065890378604e-03
1.233906536110494485e-04 1.094227213467117570e-04 9.547071292536020491e-05 8.153465751557404675e-05 6.781962331673196498e-05 5.385724053136318795e-05 4.002204850554053739e-05 2.614981971083627017e-05 1.275187472347709273e-05 2.681840227719171993e-10 -3.580451053569041548e-05 -8.193168344367239553e-05 -1.407813399146645369e-04 -2.172451138901018285e-04 -3.149008050649934132e-04 -4.397814706819510254e-04 -5.984658389034954546e-04 -7.999474113628549836e-04 -1.054876464722831128e-03
1.233906965355538942e-04 1.094227643458327038e-04 9.547075661321769509e-05 8.153470182523567234e-05 6.781965343753095421e-05 5.385727174977285412e-05 4.002207790929319058e-05 2.614985022291688456e-05 1.275157326737219192e-05 7.259841330881329936e-12 -3.580441890541965491e-05 -8.193165180971557539e-05 -1.407814902588161074e-04 -2.172450840558382695e-04 -3.149007811715375687e-04 -4.397824181798138548e-04 -5.984658129986296371e-04 -7.999432647152684853e-04 -1.054876234198300023e-03
1.233907366357531784e-04 1.094228051685380680e-04 9.547079754572457722e-05 8.153474330412133328e-05 6.781968365458320325e-05 5.385730085081306235e-05 4.002210837810028760e-05 2.614987790017728062e-05 1.275086988475783338e-05 2.031121693811233528e-10 -3.580447405287460333e-05 -8.193162331349363239e-05 -1.407816325389263541e-04 -2.172450542092397424e-04 -3.149007460783276552e-04 -4.397803902255802231e-04 -5.984657801881991578e-04 -7.999398674286172699e-04 -1.054743397615329030e-03
1.233907747243402587e-04 1.094228438028972889e-04 9.547083673273117641e-05 8.153478262034187345e-05 6.781971274065965968e-05 5.385733183566703393e-05 4.002213684237261539e-05 2.614990775061785090e-05 1.275127863109372789e-05 -5.190558051198448002e-11 -3.580445797413181464e-05 -8.193159359712009191e-05 -1.407817650588348937e-04 -2.172450250204391959e-04 -3.149006809259935523e-04 -4.397819415569340193e-04 -5.984657530985689226e-04 -7.999378929119277956e-04 -1.054743685350491549e-03
1.233908118412951676e-04 1.094228806436296309e-04 9.547087390367690050e-05 8.153482017225637294e-05 6.781974132666404576e-05 5.385736071548651569e-05 4.002216592036056446e-05 2.614993674044105768e-05 1.274955290925963597e-05 3.283303785542879289e-10 -3.580436481371734620e-05 -8.193156366498558928e-05 -1.407818878994268131e-04 -2.172449963361594452e-04 -3.149006895627013834e-04 -4.397822322031509656e-04 -5.984657246249948381e-04 -7.999410135875429598e-04 -1.054744165815413087e-03
1.233908433573619693e-04 1.094229125548201042e-04 9.547090590586310697e-05 8.153485232731539744e-05 6.781976697492193666e-05 5.385738629600314315e-05 4.002219417797148984e-05 2.614996209811925787e-05 1.275049522946561030e-05 0.000000000000000000e+00 -3.580437551360158926e-05 -8.193153632299389499e-05 -1.407819890284382281e-04 -2.172449705162229515e-04 -3.149006357880686333e-04 -4.397814094137190012e-04 -5.984656991223300795e-04 -7.999491412369252527e-04 -1.054744717294411405e-03
1.233909307164955140e-04 1.094230003656968789e-04 9.547099440668970144e-05 8.153494136946546126e-05 6.781983978343427539e-05 5.385746170739769964e-05 4.002226752699844243e-05 2.615003983637566548e-05 1.274850036451378144e-05 -4.263416741375478008e-10 -3.580427510264757625e-05 -8.193146164057621493e-05 -1.407822420699631361e-04 -2.172448970195806940e-04 -3.149005220757635989e-04 -4.397813940880164344e-04 -5.984656205440820045e-04 -7.999424175209846836e-04 -1.054745323387427458e-03
1.233910362687081277e-04 1.094231063140442100e-04 9.547110072124428699e-05 8.153504850399266308e-05 6.781993590687182701e-05 5.385755623780339249e-05 4.002236018471207039e-05 2.615013225102959780e-05 1.274743012979412943e-05 2.482347261728949455e-10 -3.580415451652534586e-05 -8.193136930741400786e-05 -1.407824896792453622e-04 -2.172448056115417055e-04 -3.149004429313198876e-04 -4.397809735902901145e-04 -5.984655330949637453e-04 -7.999414941335518696e-04 -1.054746138618349724e-03
1.233911643627867119e-04 1.094232347579508167e-04 9.547122980394088566e-05 8.153517784693704482e-05 6.782005063853119428e-05 5.385767464629677062e-05 4.002247793924948742e-05 2.615024976675377996e-05 1.274680191632347875e-05 3.198855706421864588e-10 -3.580426129900018283e-05 -8.193124745139585268e-05 -1.407827168440119875e-04 -2.172446878715636194e-04 -3.148979156780711995e-04 -4.397815324781603969e-04 -5.984654129761551823e-04 -7.999474164050293440e-04 -1.054746949895406759e-03
1.233913252715422158e-04 1.094233905145282522e-04 9.547138632771342583e-05 8.153533484489841555e-05 6.782019917267665386e-05 5.385782065278314502e-05 4.002262323253157235e-05 2.615040736447810647e-05 1.274590573762422704e-05 6.344535531979658722e-10 -3.580219390074754334e-05 -8.193110507361686602e-05 -1.407829041676138487e-04 -2.172445446234610577e-04 -3.148977451975762442e-04 -4.397804336875660780e-04 -5.984652645827497628e-04 -7.999436843671389220e-04 -1.054877763475120652e-03
1.233915027388913274e-04 1.094235793723180784e-04 9.547157514586955042e-05 8.153552448039838628e-05 6.782037601134639228e-05 5.385800183801545593e-05 4.002280226217621065e-05 2.615058791981777122e-05 1.274567709427812573e-05 8.633824236696955874e-10 -3.580211800727783910e-05 -8.193092340651162461e-05 -1.407830369987277683e-04 -2.172443663587871748e-04 -3.148975152586531989e-04 -4.397809801209523559e-04 -5.984650928788678558e-04 -7.999459376704711475e-04 -1.054748101786254439e-03
1.233917343224104801e-04 1.094238060386303442e-04 9.547180242731293127e-05 8.153575186315034997e-05 6.782059109612693113e-05 5.385821867820467262e-05 4.002301930740913234e-05 2.615080227663248266e-05 1.274443789646781856e-05 1.095682786941541980e-09 -3.580349103715507216e-05 -8.193070594148508818e-05 -1.407831042823839811e-04 -2.172441503757777028e-04 -3.148972957243838548e-04 -4.397851968259470796e-04 -5.984648774260601344e-04 -7.999460516058167891e-04 -1.054748343524492373e-03
1.233920033009270776e-04 1.094240755475508960e-04 9.547207229960976360e-05 8.153602256815918766e-05 6.782084888924650541e-05 5.385847915286722285e-05 4.002327800785721311e-05 2.615106243301220130e-05 1.274377973610112561e-05 1.512657158705635626e-09 -3.580322332064812970e-05 -8.193044706632519989e-05 -1.407830995508083625e-04 -2.172438909623275363e-04 -3.148993796517069853e-04 -4.397841698275439305e-04 -5.984646179733807414e-04 -7.999497609095369789e-04 -1.054878535944319936e-03
1.233923192344521600e-04 1.094243916464860089e-04 9.547238898941046267e-05 8.153633947493413889e-05 6.782115712736405775e-05 5.385878453857204508e-05 4.002358319357365336e-05 2.615134089591231932e-05 1.274348451502345423e-05 1.689038827682068439e-09 -3.580302330435559960e-05 -8.193013878028322812e-05 -1.407830208075547187e-04 -2.172435868891855180e-04 -3.148990482270693056e-04 -4.397803568267106698e-04 -5.984643112575205662e-04 -7.999512762229620639e-04 -1.054878317293113420e-03
1.233926818504030439e-04 1.094247548708949738e-04 9.547275293228124377e-05 8.153670400583954586e-05 6.782150411732644209e-05 5.385913580472696832e-05 4.002393291502555144e-05 2.615170352379374020e-05 1.274280535041636447e-05 1.359220770093985816e-09 -3.580270264653455056e-05 -8.192978584284012244e-05 -1.407828678870107610e-04 -2.172432365208551138e-04 -3.148962767198541725e-04 -4.397843547270195979e-04 -5.984639614052370297e-04 -7.999441959085168636e-04 -1.054748470662306972e-03
