-5.688089573265210815e-03 -5.045708185671267734e-03 -4.403598348583885602e-03 -3.762648525168536644e-03 -3.121597218317059570e-03 -2.481741718564944507e-03 -1.841806118667281165e-03 -1.204124180963098232e-03 -5.656717617707497908e-04 6.486296764362655570e-11 1.646279827433324823e-03 3.764838282748633053e-03 6.483908926059133923e-03 9.966424491075952241e-03 1.441086012961804302e-02 2.005203829240701993e-02 2.715917218603385030e-02 3.600815201084365397e-02 4.683416005177742231e-02
-5.688089046886878400e-03 -5.045708155296691616e-03 -4.403597990254035435e-03 -3.762648284804132048e-03 -3.121597216002532527e-03 -2.481741690565963335e-03 -1.841808048701417148e-03 -1.204124150399453301e-03 -5.656717888326768173e-04 -8.448124200827044413e-11 1.646279901913732125e-03 3.764838313847737247e-03 6.483908956960878628e-03 9.966424549361951532e-03 1.441086449270887609e-02 2.005203830411493582e-02 2.715952602059372445e-02 3.600815206453699541e-02 4.683416007905814166e-02
-5.688089287785125063e-03 -5.045708121956464336e-03 -4.403597944204333189e-03 -3.762648390137752780e-03 -3.121597184416500127e-03 -2.481741660266610899e-03 -1.841811640110668736e-03 -1.204124119624698378e-03 -5.656717563977554236e-04 -1.465700532478426105e-10 1.646280002203762746e-03 3.764838343902412576e-03 6.483908988143698843e-03 9.966424557400514403e-03 1.441086008084858060e-02 2.005203833556548632e-02 2.715917147506765120e-02 3.600815219314712490e-02 4.683416009931237745e-02
-5.688089212416397311e-03 -5.045708092322593458e-03 -4.403597922733183678e-03 -3.762648236056709717e-03 -3.121597097341880043e-03 -2.481741628623150044e-03 -1.841815431755006865e-03 -1.204124089295418058e-03 -5.656718629270598986e-04 3.846814036603923716e-11 1.646280235074163876e-03 3.764838373867710180e-03 6.483909047648029125e-03 9.966424615893578962e-03 1.441085985449731648e-02 2.005203837632691874e-02 2.715916276356379958e-02 3.600815250879633306e-02 4.683416013758699703e-02
-5.688089400148670614e-03 -5.045708061387280986e-03 -4.403597886254412286e-03 -3.762648404425294850e-03 -3.121597141664887547e-03 -2.481741597280177122e-03 -1.841818976078822643e-03 -1.204124059472073960e-03 -5.656718081464188292e-04 2.681840227719171993e-10 1.646280314156123824e-03 3.764838403655667003e-03 6.483909075455716702e-03 9.966424610945432902e-03 1.441085965215234063e-02 2.005203840249425787e-02 2.715916914380828162e-02 3.600815265421863226e-02 4.683416015823595180e-02
-5.688089370835105150e-03 -5.045708028670070969e-03 -4.403597870797068548e-03 -3.762648012179719854e-03 -3.121597115753146478e-03 -2.481741568463650266e-03 -1.841822167750315278e-03 -1.204124029583010947e-03 -5.656717659614062931e-04 7.259841330881329936e-12 1.646280446147448161e-03 3.764838433180342676e-03 6.483909107310489861e-03 9.966424680530674984e-03 1.441085953972509777e-02 2.005203843577058748e-02 2.715921008352221652e-02 3.600815275175896918e-02 4.683416018983108109e-02
-5.688089260968683634e-03 -5.045708002387673703e-03 -4.403597826184290666e-03 -3.762648076692050661e-03 -3.121597073825550968e-03 -2.481741537055969556e-03 -1.841825006741781671e-03 -1.204123999900002509e-03 -5.656717356327326928e-04 2.031121693811233528e-10 1.646280503254749037e-03 3.764838462122646091e-03 6.483909135335151445e-03 9.966424670570484326e-03 1.441085969008704462e-02 2.005203845562403622e-02 2.715981133376421663e-02 3.600815293261479949e-02 4.683416021144802543e-02
-5.688089335287927970e-03 -5.045707970900118952e-03 -4.403597803761325272e-03 -3.762647870082005616e-03 -3.121596984981367222e-03 -2.481741510071085611e-03 -1.841827515793660695e-03 -1.204123970739916054e-03 -5.656717472690640227e-04 -5.190558051198448002e-11 1.646280671547706732e-03 3.764838490372977419e-03 6.484297129822466123e-03 9.966424747650942662e-03 1.441085960185051022e-02 2.005203849342851452e-02 2.715981052341976537e-02 3.600815281541291241e-02 4.683416024917081560e-02
-5.688089189623787498e-03 -5.045707941869246628e-03 -4.403597780205362536e-03 -3.762647827914787548e-03 -3.120431299426956219e-03 -2.481741480873387532e-03 -1.841829747719467844e-03 -1.204123941818238501e-03 -5.656717134216867563e-04 3.283303785542879289e-10 1.646280755104634168e-03 3.764838519018027727e-03 6.483909192233769207e-03 9.966424738375242662e-03 1.441085933558629469e-02 2.005203851357597808e-02 2.715887434326250821e-02 3.600815283381507415e-02 4.683416026722598408e-02
-5.688089451635468946e-03 -5.045707915637200579e-03 -4.403597742526458268e-03 -3.762647964629194704e-03 -3.120431953677742145e-03 -2.481741452087394845e-03 -1.841831518336167111e-03 -1.204123915956848432e-03 -5.656716484052395607e-04 0.000000000000000000e+00 1.646280862506891178e-03 3.764838544162775989e-03 6.483909217264468942e-03 9.966424811824567409e-03 1.441085916089532640e-02 2.005203853869484340e-02 2.715879130286706633e-02 3.600815294092149510e-02 4.683416029787516172e-02
-5.688089106705447769e-03 -5.045707838941957540e-03 -4.403597792818179577e-03 -3.762648252360919869e-03 -3.120435859440225980e-03 -2.481741381498167240e-03 -1.841835779111808055e-03 -1.204123842136463731e-03 -5.656716141918572164e-04 -4.263416741375478008e-10 1.646281084618968389e-03 3.764838617012742066e-03 6.483909260301606164e-03 9.966424928364209929e-03 1.441085906788899806e-02 2.005203853200625275e-02 2.715980758427556999e-02 3.600815327169117064e-02 4.683416034703044573e-02
-5.688089080692397548e-03 -5.045707747800233164e-03 -4.403597682320247592e-03 -3.762647825427368857e-03 -3.120435712900909275e-03 -2.481741287129329409e-03 -1.841839838967467826e-03 -1.204123749247823158e-03 -5.656714956389839689e-04 2.482347261728949455e-10 1.646281210038177045e-03 3.764838707071617788e-03 6.483909359642652838e-03 9.966425043402222031e-03 1.441085884796344634e-02 2.005203869566509964e-02 2.715921034015180216e-02 3.600815322536200791e-02 4.683416042857981021e-02
-5.688089084348201506e-03 -5.045707630526152961e-03 -4.403597539233510688e-03 -3.762647500081448080e-03 -3.120439341569271156e-03 -2.481741168762087620e-03 -1.841843542754622622e-03 -1.204123632345005654e-03 -5.656714301317665883e-04 3.198855706421864588e-10 1.646281540094036641e-03 3.764838825183869104e-03 6.483909467221643692e-03 9.966425153669227627e-03 1.441085898693839074e-02 2.005203880839829395e-02 2.715881820988037820e-02 3.600815326847921910e-02 4.683416053739310886e-02
-5.688088962184618437e-03 -5.045707481712549160e-03 -4.403597324759413352e-03 -3.762647595770532774e-03 -3.120441416982225498e-03 -2.481741022269279284e-03 -1.841846796304018666e-03 -1.204123490196940417e-03 -5.656712470977033136e-04 6.344535531979658722e-10 1.646281867619204219e-03 3.764838977775008914e-03 6.483909609846728178e-03 9.966425292224174656e-03 1.441086621726778497e-02 2.005203894718295479e-02 2.715920478780060529e-02 3.600815375661730461e-02 4.683416066053094906e-02
-5.688088795273178039e-03 -5.045707299761335515e-03 -4.403597150479138245e-03 -3.762647398422639539e-03 -3.120446122192726233e-03 -2.481740843040051037e-03 -1.842187170793312557e-03 -1.204123311757959161e-03 -5.656710125525765036e-04 8.633824236696955874e-10 1.646282560864085641e-03 3.764839157574679292e-03 6.483909783984644938e-03 9.966425382053133164e-03 1.441085893606288207e-02 2.005203912191416346e-02 2.715882410455608409e-02 3.600815372038381618e-02 4.683416084035872673e-02
-5.688088360973017100e-03 -5.045707083170879008e-03 -4.403596936805398952e-03 -3.762647371790009843e-03 -3.120446552562882413e-03 -2.481740626117965275e-03 -1.842186964049200276e-03 -1.204123095348482884e-03 -5.656708244807875669e-04 1.095682786941541980e-09 1.646282581817772993e-03 3.764839372885129317e-03 6.483909997803169456e-03 9.966425684449527547e-03 1.441085902704263358e-02 2.005203931939733564e-02 2.715980867117160844e-02 3.600815385114164435e-02 4.683416102078626769e-02
-5.688088140758908867e-03 -5.045706817694079610e-03 -4.403596649597404586e-03 -3.763577655378440474e-03 -3.120446553391348181e-03 -2.481740364262189930e-03 -1.842186724341178181e-03 -1.204122835954647480e-03 -5.656705391165693089e-04 1.512657158705635626e-09 1.646283385542791173e-03 3.764839614273134821e-03 6.483910249364699743e-03 9.966425940860119959e-03 1.441085876864853753e-02 2.005203957161747277e-02 2.715981003261874055e-02 3.600815482478642027e-02 4.683416120966266138e-02
-5.688088839626517616e-03 -5.045706509409857675e-03 -4.403596361110617176e-03 -3.763574923218384119e-03 -3.120443723019199287e-03 -2.481740060807212205e-03 -1.842186451851035535e-03 -1.204122531334317868e-03 -5.656702485955220940e-04 1.689038827682068439e-09 1.646283370526473991e-03 3.764839914541644530e-03 6.483910566608562867e-03 9.966426749907780422e-03 1.441085924864493259e-02 2.005203978298538206e-02 2.715980917051349225e-02 3.600815443265550225e-02 4.683416152006425470e-02
-5.688087403440752685e-03 -5.045706156400426960e-03 -4.403596010085500216e-03 -3.762646203687970269e-03 -3.120454126205000813e-03 -2.481739708556888243e-03 -1.842186148544077426e-03 -1.204122180130242281e-03 -5.656699799259865815e-04 1.359220770093985816e-09 1.646283762668718448e-03 3.764840259596026733e-03 6.484436344367946158e-03 9.966426517860588197e-03 1.441085935286759608e-02 2.005204009860689016e-02 2.715916386505716831e-02 3.600815480317615114e-02 4.683416183120897580e-02
