-1.191851175165050368e-02 -1.032766651159819533e-02 -8.759899328497801688e-03 -7.209895262489751308e-03 -5.679101735543561590e-03 -4.165163225809962247e-03 -2.666833565959004886e-03 -1.182924142141326832e-03 2.868670503239040639e-04 1.582877769352424111e-03 5.305245750925564018e-03 1.000201338647529678e-02 1.590278389126061412e-02 2.327813932640245345e-02 3.243797602056116419e-02 4.373307419889208014e-02 5.753597677764075990e-02 7.423875803832671871e-02 9.422555606613874923e-02
-1.190041678339148930e-02 -1.030909782134233933e-02 -8.740423347870222848e-03 -7.192976939338587179e-03 -5.661178063004979055e-03 -4.148410320924609748e-03 -2.650122685463510153e-03 -1.165824027657699465e-03 3.043123369033254918e-04 1.599681663320675880e-03 5.321459138650269823e-03 1.001799620256918141e-02 1.591838828773442863e-02 2.329284743278137518e-02 3.245229954722614329e-02 4.374567478846237700e-02 5.754798828015336709e-02 7.424895054036549646e-02 9.423402513972972683e-02
-1.195312609389070739e-02 -1.036277944148189176e-02 -8.794224645463427290e-03 -7.245955072906718093e-03 -5.715267522309728024e-03 -4.201469716250300600e-03 -2.702946572966928585e-03 -1.219848891751123621e-03 2.502097068154208515e-04 1.545682520957856977e-03 5.267636172850700786e-03 9.963369017122766444e-03 1.586335120408775140e-02 2.323828907431698884e-02 3.239786616952983200e-02 4.368979367125294666e-02 5.749327454158612710e-02 7.419437629372650778e-02 9.418001158953076546e-02
-1.207217412652203913e-02 -1.048064005571732946e-02 -8.912013349945541174e-03 -7.363636886361700842e-03 -5.833009559272932763e-03 -4.319231147196267960e-03 -2.820995492847110965e-03 -1.337531226594992646e-03 1.322179768116859113e-04 1.427482867427295674e-03 5.149544294625814020e-03 9.846046631329151075e-03 1.574553133324120210e-02 2.312048858480002592e-02 3.227951346087357121e-02 4.357400475079566127e-02 5.737566555763418813e-02 7.407770431488322482e-02 9.406427930643145030e-02
-1.223933934360388505e-02 -1.064959556912413799e-02 -9.080338630546726242e-03 -7.531339812380741412e-03 -6.001279910777667682e-03 -4.487652429633861434e-03 -2.989975013703215397e-03 -1.505370228929566942e-03 -3.551575249791783353e-05 1.259880102631033560e-03 4.981758563519790919e-03 9.678235309442772064e-03 1.557803639212464002e-02 2.295374204689475811e-02 3.211276106152485127e-02 4.340767649629807823e-02 5.721155875516863859e-02 7.391447516753596458e-02 9.390285633480112415e-02
-1.244656342330726674e-02 -1.085637509340416779e-02 -9.287968613852401814e-03 -7.738530018172665170e-03 -6.208092500413383598e-03 -4.694512101978264886e-03 -3.196081504239453933e-03 -1.712544083256858744e-03 -2.426254716072783239e-04 1.052953502897812721e-03 4.774338541646717428e-03 9.471445301577544398e-03 1.537220377911835065e-02 2.274632677621001020e-02 3.190837893327563152e-02 4.320309453728687910e-02 5.700727252096068898e-02 7.371033488497860664e-02 9.369978432498714260e-02
-1.268497301570421787e-02 -1.109412861926676978e-02 -9.525380400506681597e-03 -7.976979887156015678e-03 -6.446307583537364341e-03 -4.933528458388245289e-03 -3.434265270095327761e-03 -1.950954486551690400e-03 -4.811531123329700261e-04 8.147918178883751215e-04 4.536782239487027052e-03 9.233082555155829388e-03 1.513339558951260974e-02 2.250979699788850999e-02 3.167092100635680862e-02 4.296588609698552552e-02 5.677002835265008984e-02 7.347531198706624966e-02 9.346782522328576925e-02
-1.294843926240517480e-02 -1.135847070843525389e-02 -9.789375701475358169e-03 -8.241201325695869662e-03 -6.709821856662958814e-03 -5.196240029193304431e-03 -3.697933597431893923e-03 -2.214332160107027742e-03 -7.443746888929218862e-04 5.510448368004786188e-04 4.273416858671770339e-03 8.969188438193616275e-03 1.487087455142677497e-02 2.224607837569705232e-02 3.140818909706558082e-02 4.270368250850041514e-02 5.650881970025159462e-02 7.321471653831068682e-02 9.320729173382229227e-02
-1.323335003003873155e-02 -1.164169615464129108e-02 -1.007314509751155301e-02 -8.524712239298615907e-03 -6.993751902781893820e-03 -5.480280475132132990e-03 -3.981927900993489575e-03 -2.498446168893588872e-03 -1.028455014955750131e-03 2.671462893765550058e-04 3.989062730315717439e-03 8.685930671443966092e-03 1.458632078333973667e-02 2.196187968874694849e-02 3.112445267977874408e-02 4.241972941823581034e-02 5.622653559407678886e-02 7.293359937017056260e-02 9.292746838301109424e-02
-1.349931853984135018e-02 -1.190834549146195347e-02 -1.033977228003865427e-02 -8.791792467613355685e-03 -7.260768679044181037e-03 -5.747062544823562831e-03 -4.248698889254024988e-03 -2.764961752217406227e-03 -1.295283655886795985e-03 0.000000000000000000e+00 3.721625298131337866e-03 8.418359989445518832e-03 1.432000718337873846e-02 2.169506188941693753e-02 3.085646373582782293e-02 4.215340212019039190e-02 5.596016073601712409e-02 7.266703620094715210e-02 9.266136063060152750e-02
-1.433339275253936278e-02 -1.274342902935746320e-02 -1.117480922585844562e-02 -9.626257006287079407e-03 -8.096153146337195863e-03 -6.582584471052692343e-03 -5.085506534251623030e-03 -3.601163764959645214e-03 -2.132162163707689712e-03 -8.368679947963655451e-04 2.885899743669572033e-03 7.582283842032601189e-03 1.348216223020598341e-02 2.085805487991824678e-02 3.001855192134709333e-02 4.131558489328632233e-02 5.512212111332535913e-02 7.183070852965545150e-02 9.182629902793440491e-02
-1.549461265677070168e-02 -1.390413915562687189e-02 -1.233647507694907684e-02 -1.078863598295701047e-02 -9.258774208957362695e-03 -7.745640253380753695e-03 -6.247655294693661363e-03 -4.765145502648849771e-03 -3.295756725631995843e-03 -2.000773940291819195e-03 1.720385455687712447e-03 6.414799831742377771e-03 1.231428195648516868e-02 1.968788476471458951e-02 2.884878658762077969e-02 4.014265611176687926e-02 5.394907692075609495e-02 7.065668735797019095e-02 9.065256227503108721e-02
-1.706322321758423771e-02 -1.547427809115017178e-02 -1.390664767316840585e-02 -1.236064583023555562e-02 -1.083077100165513729e-02 -9.318435350543491716e-03 -7.821559440957871409e-03 -6.340175642033855745e-03 -4.871014094288805829e-03 -3.576494652993408418e-03 1.420466838520903540e-04 4.835234688907566296e-03 1.073159709629388329e-02 1.810133518532854383e-02 2.725767149740717515e-02 3.854912163842785788e-02 5.235057543216858900e-02 6.905339203806082349e-02 8.904666875121509950e-02
-1.912404233517613766e-02 -1.753647281996028456e-02 -1.597116773060205247e-02 -1.442556140775210285e-02 -1.289806740823204803e-02 -1.138713674668370181e-02 -9.892057001430861612e-03 -8.411281553763000352e-03 -6.944123043642246897e-03 -5.651748345993503654e-03 -1.935518525303519654e-03 2.752969670945478505e-03 8.644406582714991155e-03 1.600798582774220005e-02 2.515778339243662440e-02 3.644054147288587620e-02 5.023308402719865728e-02 6.692730051731746177e-02 8.690961866848302686e-02
-2.175895443166278934e-02 -2.017444830890960383e-02 -1.861171583798748239e-02 -1.706868793144670701e-02 -1.554473534943291886e-02 -1.403548916172664245e-02 -1.254241690492009266e-02 -1.106498735180855113e-02 -9.599229284936420734e-03 -8.308206596579648801e-03 -4.598353597891261142e-03 8.324313122541123638e-05 5.965970278513060832e-03 1.332023646185305499e-02 2.245647497540754003e-02 3.372561020881260224e-02 4.750161144791004153e-02 6.417876619849585684e-02 8.414357174754323598e-02
-2.504236334001266884e-02 -2.346200790698391159e-02 -2.190370776183429499e-02 -2.036378883683300639e-02 -1.884261620526347242e-02 -1.733862720150298672e-02 -1.584935617661286864e-02 -1.437408037776113402e-02 -1.291311223008908757e-02 -1.162409904494967304e-02 -7.922958018338354183e-03 -3.252327891823056979e-03 2.617842063015533328e-03 9.956069811160150884e-03 1.907449276260403739e-02 3.032033817563277792e-02 4.407208977646549092e-02 6.071990075300871814e-02 8.065260403074378526e-02
-2.903573396686063429e-02 -2.746106115769122308e-02 -2.590739751841437608e-02 -2.437423454099428566e-02 -2.285788127176521106e-02 -2.135812772654924890e-02 -1.987448155595420221e-02 -1.840397976350136716e-02 -1.694775801287370237e-02 -1.566388229588600370e-02 -1.197496174924879246e-02 -7.319704021609593249e-03 -1.468179065664114782e-03 5.846738429000498949e-03 1.493823585071854705e-02 2.615212202357380597e-02 3.986620867868229112e-02 5.647122109465277373e-02 7.635565037885479189e-02
-3.378978765833998837e-02 -3.222224055360999040e-02 -3.067627261053049170e-02 -2.914995887218938334e-02 -2.764086154781649970e-02 -2.614839548084423732e-02 -2.467142395362308116e-02 -2.320844550038418316e-02 -2.175865687337650081e-02 -2.048017628803316600e-02 -1.680786809902272416e-02 -1.217334264445426271e-02 -6.347592777705754821e-03 9.369754752986468420e-04 9.989628971793113391e-03 2.115886839294163838e-02 3.482078756276933695e-02 5.136542333991801768e-02 7.118276507554406607e-02
-3.934628058799407441e-02 -3.778786900641310786e-02 -3.625165593715420215e-02 -3.473467113094882291e-02 -3.323510744963174141e-02 -3.175173519575007208e-02 -3.028329053800767751e-02 -2.882840901841136894e-02 -2.738750073992877662e-02 -2.611750305075413725e-02 -2.246720237567216213e-02 -1.785868871066223496e-02 -1.206638983195105867e-02 -4.822918349416622195e-03 4.180917547196009998e-03 1.529152681432937970e-02 2.888389080741693427e-02 4.534879678169762007e-02 6.507533369238334420e-02
