-3.191464505617993413e-03 -3.202722463188816156e-03 -3.214475024536092834e-03 -3.225246839721636598e-03 -3.236357220100928838e-03 -3.245412112186151030e-03 -3.258813730454650920e-03 -3.269987607858659048e-03 -3.281424584593838848e-03 -3.291433171114957566e-03 -3.319700814885418773e-03 -3.356161848329599576e-03 -3.403326386619363181e-03 -3.464342724271107961e-03 -3.541864394134452542e-03 -3.639802020860798473e-03 -3.764241967922573456e-03 -3.919259434594113758e-03 -4.114896617022059146e-03
-2.812178989500588918e-03 -2.824132061961206162e-03 -2.835672594522186275e-03 -2.847420186763264822e-03 -2.859022587711074811e-03 -2.869931799317541020e-03 -2.881964764441315684e-03 -2.893544738846282830e-03 -2.905058488689263828e-03 -2.915316443973232138e-03 -2.944575052536323005e-03 -2.983557374929822828e-03 -3.032395344702992074e-03 -3.095724598077583337e-03 -3.175037726074560630e-03 -3.276419601986553954e-03 -3.406564503989537116e-03 -3.569730110858378158e-03 -3.772833750872090809e-03
-2.434534958373211003e-03 -2.446046684456456687e-03 -2.458537523057975627e-03 -2.470806019451243438e-03 -2.482686083524582223e-03 -2.494574756088543174e-03 -2.506600486680133581e-03 -2.518373200003443894e-03 -2.530482884711130007e-03 -2.541309111900097104e-03 -2.572200542810630826e-03 -2.611234361246037028e-03 -2.662125830742195949e-03 -2.726608665860790273e-03 -2.809839130278382006e-03 -2.914846658505690965e-03 -3.049407932023553026e-03 -3.218582047514173799e-03 -3.430032350141670391e-03
-2.058817180054599814e-03 -2.070867660073562322e-03 -2.083335976882966841e-03 -2.095764792052867264e-03 -2.107990456840843491e-03 -2.119750846421926578e-03 -2.132908348280623291e-03 -2.144870058520758228e-03 -2.157487735849686339e-03 -2.168114104978393231e-03 -2.200112313169353458e-03 -2.240419324858225827e-03 -2.292666211642607147e-03 -2.360004379590673312e-03 -2.445574745294156957e-03 -2.553622983451666641e-03 -2.692613310449312909e-03 -2.866392025390809839e-03 -3.085777300350054340e-03
-1.685214568308268700e-03 -1.697188121482149509e-03 -1.709703941834456046e-03 -1.721701183326040507e-03 -1.735374211690851728e-03 -1.747627214088771745e-03 -1.760252080008163416e-03 -1.772244394023285863e-03 -1.785457247999066655e-03 -1.796631493239956179e-03 -1.828502839098204409e-03 -1.870279857509545658e-03 -1.923840513131006447e-03 -1.993628995523011576e-03 -2.080746052774732138e-03 -2.193371153161798297e-03 -2.335779402453606966e-03 -2.515103929957091672e-03 -2.741897527200221930e-03
-1.311276491715965579e-03 -1.323862719445411534e-03 -1.337682317770452507e-03 -1.350274304695708817e-03 -1.363183793597559645e-03 -1.376251519554860933e-03 -1.388799243791089769e-03 -1.401694083142390095e-03 -1.414410292391473289e-03 -1.426475447793257734e-03 -1.459921797827691374e-03 -1.502381642890099562e-03 -1.557313879086499398e-03 -1.627822719552439457e-03 -1.718119645116065108e-03 -1.833452184761668593e-03 -1.979061793313007141e-03 -2.164837527975144692e-03 -2.396614396519850844e-03
-9.398731030892718517e-04 -9.532559313297515663e-04 -9.665342899434993442e-04 -9.797425064368989536e-04 -9.929762064104959152e-04 -1.006770449107369713e-03 -1.019688088801040671e-03 -1.032933462489493952e-03 -1.045841752201929044e-03 -1.058261146256605145e-03 -1.091518392843292273e-03 -1.135512216467983492e-03 -1.191654916804255017e-03 -1.263443676160824324e-03 -1.355495637780706683e-03 -1.473388187154308282e-03 -1.623383081515990299e-03 -1.813320766919975869e-03 -2.052410910243675311e-03
-5.702740006397915597e-04 -5.839508288171217773e-04 -5.974763442722109963e-04 -6.104943832623346833e-04 -6.244257210587000114e-04 -6.378359154039301825e-04 -6.519358361815762084e-04 -6.652593906797082783e-04 -6.775350009998273339e-04 -6.903585571672102295e-04 -7.247030541625385392e-04 -7.699982988430330386e-04 -8.268969243460865762e-04 -9.002535997519073730e-04 -9.943975634491345177e-04 -1.114817841369609985e-03 -1.268061249857914321e-03 -1.462344591678782545e-03 -1.707130049448484215e-03
-2.022852848615691666e-04 -2.160664175429647771e-04 -2.298373116815766951e-04 -2.435630978326216143e-04 -2.577022888553214507e-04 -2.706566706613741788e-04 -2.842025426341076243e-04 -2.979220290055656882e-04 -3.114425176783312365e-04 -3.241834490251294934e-04 -3.594630049419100240e-04 -4.048711015563299215e-04 -4.628783713796264963e-04 -5.377262102973922198e-04 -6.342129918407797464e-04 -7.569626024183741036e-04 -9.132838906855963263e-04 -1.111244211519627064e-03 -1.361514931951120526e-03
1.233908433573619693e-04 1.094229125548201042e-04 9.547090590586310697e-05 8.153485232731539744e-05 6.781976697492193666e-05 5.385738629600314315e-05 4.002219417797148984e-05 2.614996209811925787e-05 1.275049522946561030e-05 0.000000000000000000e+00 -3.580437551360158926e-05 -8.193153632299389499e-05 -1.407819890284382281e-04 -2.172449705162229515e-04 -3.149006357880686333e-04 -4.397814094137190012e-04 -5.984656991223300795e-04 -7.999491412369252527e-04 -1.054744717294411405e-03
1.066866179778858548e-03 1.051891361611405644e-03 1.037439293081294719e-03 1.023513721499745783e-03 1.009100413563190825e-03 9.947030894657336430e-04 9.803208076402086368e-04 9.659530435308265935e-04 9.510997866566844091e-04 9.383528227447120304e-04 9.021823479055633699e-04 8.539856303656327696e-04 7.925544577260849009e-04 7.130357576212747366e-04 6.115813038035785784e-04 4.820426375816114933e-04 3.170292725905019589e-04 1.061045365275741989e-04 -1.616922034869844879e-04
2.268279943468074714e-03 2.253320632232528545e-03 2.238950001174557381e-03 2.223471770588859517e-03 2.209187541864377196e-03 2.194287265442889084e-03 2.179277376449626543e-03 2.163921234455639872e-03 2.149055995914452878e-03 2.136187448443526132e-03 2.096680734684557186e-03 2.047954691760507217e-03 1.984785973904664574e-03 1.902060877134148422e-03 1.796871327270114452e-03 1.662680934684672906e-03 1.489387216044145250e-03 1.269108923913897556e-03 9.903213513905348951e-04
3.794312518615252077e-03 3.779337155377124596e-03 3.763824046124731888e-03 3.748164196339607776e-03 3.733100327858150831e-03 3.717456590757828132e-03 3.701686795683546000e-03 3.686751858960842822e-03 3.670995800695571725e-03 3.657775470731860438e-03 3.618197824423618428e-03 3.567210416060171037e-03 3.501217993372271204e-03 3.416570453991557739e-03 3.308223971219307127e-03 3.168526991109041260e-03 2.989131461468211206e-03 2.759219593378629473e-03 2.467357407182851989e-03
5.721878941256267927e-03 5.705908866360574414e-03 5.689976917829743866e-03 5.674112899340431372e-03 5.658788339938204855e-03 5.642942014857880301e-03 5.627189410035352349e-03 5.611919710582226675e-03 5.595601545833724100e-03 5.581728186063641267e-03 5.541380419097039454e-03 5.489426971049942219e-03 5.422436453494055772e-03 5.334508344511801857e-03 5.223056394507158938e-03 5.079102194558773008e-03 4.894462732357171900e-03 4.658101748290641685e-03 4.354963022844692173e-03
8.138086413697806151e-03 8.122333136882752339e-03 8.106433789940121690e-03 8.090633656980974683e-03 8.074539915815514071e-03 8.058605662279196696e-03 8.042811195586776346e-03 8.027117698766170206e-03 8.011667983164112716e-03 7.997256924803098146e-03 7.955842678209815860e-03 7.903177697321520784e-03 7.835034054132860790e-03 7.747592744476505811e-03 7.633861915104662652e-03 7.487365605302729980e-03 7.299335538273691790e-03 7.057915608665422426e-03 6.748456208498922020e-03
1.114017644006162593e-02 1.112443586705125914e-02 1.110929761235555403e-02 1.109316283612416312e-02 1.107767211950131357e-02 1.106185028744464602e-02 1.104551629300097593e-02 1.102945715552242599e-02 1.101380250605737444e-02 1.099995958958807814e-02 1.095917588646422476e-02 1.090621673050708521e-02 1.083892069337224345e-02 1.075075967281084559e-02 1.063750513252525488e-02 1.049204870955322902e-02 1.030345725197431145e-02 1.006171841551733483e-02 9.750411940370493774e-03
1.482158179058728521e-02 1.480630021565912738e-02 1.479179563397913302e-02 1.477555504202667652e-02 1.475972697605110705e-02 1.474497551517310427e-02 1.472913356819548041e-02 1.471384784328423623e-02 1.469839594003711711e-02 1.468530026244951013e-02 1.464536680511901307e-02 1.459393310953102131e-02 1.452791129140747380e-02 1.444228496446838331e-02 1.433258501864286515e-02 1.418910697145518013e-02 1.400561878169406284e-02 1.376837664340529142e-02 1.346179527165635229e-02
1.925890035946462020e-02 1.924475799501992532e-02 1.922973921884848017e-02 1.921534871282771367e-02 1.920079316473936523e-02 1.918668473813450043e-02 1.917180031297517628e-02 1.915708677859356140e-02 1.914252519258463972e-02 1.913017010522899755e-02 1.909194404392615049e-02 1.904341053072895057e-02 1.898052947200707177e-02 1.889973690798136749e-02 1.879456752643074088e-02 1.865905171911116239e-02 1.848430318217824178e-02 1.825804456083945232e-02 1.796528975192903874e-02
2.448368874291010841e-02 2.447041802165894273e-02 2.445708022338871981e-02 2.444372605926376646e-02 2.443034342182777777e-02 2.441707780105658102e-02 2.440399255137871981e-02 2.439038822345457325e-02 2.437692261347865555e-02 2.436493100683418886e-02 2.433064207351878436e-02 2.428568291511814733e-02 2.422820796485374018e-02 2.415414991843181647e-02 2.405727510180165341e-02 2.393275154405520577e-02 2.377245796217821242e-02 2.356364630631468254e-02 2.329325623932618911e-02
