-5.568577225712658535e-03 -5.582059370530256977e-03 -5.595524651531342923e-03 -5.608976566447492103e-03 -5.622409293346597968e-03 -5.635824828324886328e-03 -5.649630084869574145e-03 -5.662594922523487249e-03 -5.676021770243052343e-03 -5.688089451635468946e-03 -5.722455568605510322e-03 -5.767267072739012262e-03 -5.824854490815665857e-03 -5.898109880312007655e-03 -5.992377668398433076e-03 -6.112482851550763742e-03 -6.265321767470322448e-03 -6.460701786050141761e-03 -6.707040157869850056e-03
-4.925347801816067593e-03 -4.938880897292682523e-03 -4.952276174773056518e-03 -4.965779895028824518e-03 -4.979402033121002429e-03 -4.992885440403817439e-03 -5.006345554216981054e-03 -5.019992806708866405e-03 -5.033417508712785537e-03 -5.045707915637200579e-03 -5.080393008111619771e-03 -5.124857123981097981e-03 -5.182106909617524224e-03 -5.256115871250650190e-03 -5.350129614070652309e-03 -5.471509663405190425e-03 -5.625813685976041069e-03 -5.820777344460054299e-03 -6.068379146239288521e-03
-4.282727141515286530e-03 -4.296550401807261617e-03 -4.310512777372423228e-03 -4.324240025675368977e-03 -4.337789892017777232e-03 -4.351147083105284460e-03 -4.364478603192846126e-03 -4.378201416145657832e-03 -4.391815456624727047e-03 -4.403597742526458268e-03 -4.438430427905751784e-03 -4.483213093356312046e-03 -4.540958229405918194e-03 -4.614992778238394787e-03 -4.709895156673918164e-03 -4.831222681342760457e-03 -4.985943079922748600e-03 -5.182933534720595738e-03 -5.430470383415274965e-03
-3.642252160935691326e-03 -3.655012971933789979e-03 -3.669128326969706318e-03 -3.682637194532043575e-03 -3.695520324568936713e-03 -3.709447032279660113e-03 -3.723174330448264773e-03 -3.736710779977236302e-03 -3.749565270257351497e-03 -3.762647964629194704e-03 -3.797712432746408115e-03 -3.841730067997719666e-03 -3.900140490816991073e-03 -3.974512976406907074e-03 -4.068568047098083951e-03 -4.191694660890409388e-03 -4.346265927570359261e-03 -4.544520301768876190e-03 -4.793543203936130939e-03
-3.000985887251333018e-03 -3.014473177995399388e-03 -3.027228216174009546e-03 -3.041111246570814101e-03 -3.055596398555988392e-03 -3.068180804150189792e-03 -3.082333580473610186e-03 -3.095426888101565025e-03 -3.109562396009115000e-03 -3.120431953677742145e-03 -3.156693344687361898e-03 -3.202018785175027044e-03 -3.260049353396909932e-03 -3.334695766132529746e-03 -3.430340157924256610e-03 -3.552267909635464620e-03 -3.708469997307280858e-03 -3.906832822009560086e-03 -4.156643920909505567e-03
-2.361099458151629232e-03 -2.374171430911065084e-03 -2.388574136067341935e-03 -2.401645085703377116e-03 -2.415930082581839531e-03 -2.430196083817729585e-03 -2.442609030438501212e-03 -2.456259999259179441e-03 -2.469969368555421235e-03 -2.481741452087394845e-03 -2.516626210911669312e-03 -2.562505468040175271e-03 -2.620415701780825363e-03 -2.695746240981419014e-03 -2.791995096054457164e-03 -2.913834071012722307e-03 -3.070604576714318010e-03 -3.269698004914211101e-03 -3.521045195642200781e-03
-1.720584829086860409e-03 -1.734395478366737402e-03 -1.747777617796052001e-03 -1.762075252695357360e-03 -1.774783677956396797e-03 -1.788743024131238648e-03 -1.802474569410150414e-03 -1.817029934380921113e-03 -1.829668322948655454e-03 -1.841831518336167111e-03 -1.878115977176972881e-03 -1.923664353565816658e-03 -1.982286367098743968e-03 -2.056713620014019236e-03 -2.153750164825932265e-03 -2.276770893602126332e-03 -2.434090472952837782e-03 -2.633200666873221612e-03 -2.885566725129513725e-03
-1.081462481139996816e-03 -1.095320953861692211e-03 -1.109348919177370520e-03 -1.123001532260911985e-03 -1.136815210229430223e-03 -1.150610530262532495e-03 -1.164399326213400032e-03 -1.178161941388059354e-03 -1.191915781794188837e-03 -1.204123915956848432e-03 -1.239393840914169119e-03 -1.284761811840185505e-03 -1.343491291693579273e-03 -1.418825252972306375e-03 -1.516225671806425979e-03 -1.639974782961079207e-03 -1.798049765563682024e-03 -1.998947751659287380e-03 -2.251555318195939785e-03
-4.423998305668977058e-04 -4.569877358064776038e-04 -4.709105754196681341e-04 -4.841573483609451045e-04 -4.986894458407383195e-04 -5.125247272749183357e-04 -5.263267722123653701e-04 -5.401527813293539870e-04 -5.534099102648352281e-04 -5.656716484052395607e-04 -6.018780469933702679e-04 -6.477751287517584519e-04 -7.075062011021946828e-04 -7.827618971025381792e-04 -8.798099585712888110e-04 -1.004402487142094834e-03 -1.162284525306640824e-03 -1.363768452745329303e-03 -1.617239240901642301e-03
1.233908433573619693e-04 1.094229125548201042e-04 9.547090590586310697e-05 8.153485232731539744e-05 6.781976697492193666e-05 5.385738629600314315e-05 4.002219417797148984e-05 2.614996209811925787e-05 1.275049522946561030e-05 0.000000000000000000e+00 -3.580437551360158926e-05 -8.193153632299389499e-05 -1.407819890284382281e-04 -2.172449705162229515e-04 -3.149006357880686333e-04 -4.397814094137190012e-04 -5.984656991223300795e-04 -7.999491412369252527e-04 -1.054744717294411405e-03
1.771083462488270673e-03 1.757621587876846605e-03 1.744010229588843644e-03 1.730156272333156515e-03 1.715029978708119398e-03 1.702531417831050107e-03 1.687950899070543619e-03 1.672956585603587289e-03 1.658720183730634252e-03 1.646280862506891178e-03 1.610755819063160784e-03 1.563865948572149651e-03 1.504090366516493832e-03 1.427335073662361429e-03 1.328842470573235110e-03 1.203587199056738643e-03 1.042927088491263712e-03 8.387229827436717836e-04 5.806687662268465158e-04
3.891407885953044373e-03 3.877974590114073236e-03 3.862775816838699694e-03 3.848260331598723789e-03 3.834220578865792702e-03 3.819880589735902363e-03 3.805819385221727129e-03 3.791616968689788796e-03 3.777435364871653718e-03 3.764838544162775989e-03 3.728258059920731057e-03 3.681026141422638360e-03 3.620366797276962194e-03 3.542321136505582630e-03 3.443285041406423351e-03 3.315593806360088436e-03 3.151774828661402066e-03 2.946179659310040749e-03 2.684470844920678126e-03
6.612196134808769055e-03 6.597887490913743880e-03 6.583274325834367370e-03 6.569041248887656434e-03 6.554626970709969032e-03 6.540608760278203079e-03 6.525614545225956291e-03 6.511167789321631490e-03 6.496601106559926966e-03 6.483909217264468942e-03 6.446569300242333683e-03 6.398659986614786514e-03 6.337724160698643069e-03 6.257847840909159555e-03 6.155840769884311781e-03 6.026337565095603657e-03 5.861000132725921290e-03 5.650705804946337674e-03 5.385224786947484694e-03
1.009768636078967226e-02 1.008280425640640729e-02 1.006795583684955316e-02 1.005312480057470211e-02 1.003831125266836828e-02 1.002351519643470898e-02 1.000945706615213177e-02 9.994066747060621064e-03 9.979534353318355450e-03 9.966424811824567409e-03 9.928042936543970617e-03 9.879073264137151755e-03 9.816021637675025058e-03 9.735536382041897613e-03 9.631165332519352890e-03 9.499433669191750459e-03 9.329631480307683938e-03 9.114730210860550949e-03 8.844048727562735940e-03
1.454577538088483793e-02 1.453094307230388613e-02 1.451504527192443508e-02 1.449996689818738513e-02 1.448408989424644286e-02 1.446952033286321750e-02 1.445378999472648508e-02 1.443961786907728938e-02 1.442383912309020549e-02 1.441085916089532640e-02 1.437104279503740797e-02 1.432125646736861525e-02 1.425566169197657433e-02 1.417246993912970286e-02 1.406668656976265905e-02 1.392951457628649123e-02 1.375582761480860505e-02 1.353493678219994112e-02 1.325572265359325347e-02
2.019221252997986660e-02 2.017676854545290624e-02 2.016095388169869898e-02 2.014452050226772650e-02 2.012875538502737274e-02 2.011298665769736121e-02 2.009746231153507895e-02 2.008178473872084674e-02 2.006608123805667110e-02 2.005203853869484340e-02 2.001114045290653537e-02 1.995916894956388174e-02 1.989281292964619613e-02 1.980574610658002860e-02 1.969601082226294861e-02 1.955430149799014528e-02 1.937391033572621879e-02 1.914520664896124033e-02 1.885678051480728021e-02
2.730553776258992649e-02 2.728954127670672053e-02 2.727226516893646938e-02 2.725595717152841380e-02 2.723945819130671811e-02 2.722360962055254616e-02 2.720655421005188646e-02 2.719013114070534948e-02 2.717375269471182866e-02 2.715879130286706633e-02 2.711679862006193681e-02 2.706209190674996323e-02 2.699226925661236606e-02 2.690213530887724039e-02 2.678710729867313928e-02 2.663911772083576296e-02 2.645110518595025426e-02 2.621382472429167887e-02 2.591178400464479864e-02
3.616285484700967889e-02 3.614575171687835903e-02 3.612825859762630598e-02 3.611051891286764376e-02 3.609313124553189395e-02 3.607617718577355720e-02 3.605883219096962800e-02 3.604114370969938030e-02 3.602422526513947981e-02 3.600815294092149510e-02 3.596539951436487914e-02 3.590616170118383910e-02 3.583238437119932313e-02 3.573749159734278952e-02 3.561553456970385778e-02 3.545989617664469656e-02 3.526192728952466660e-02 3.500991213608937308e-02 3.469206740560235730e-02
4.699868864305201122e-02 4.698005025873702722e-02 4.696165980891955222e-02 4.694345276089242902e-02 4.692467788848922461e-02 4.690597389950366264e-02 4.688747224895910976e-02 4.686900970803657696e-02 4.685072173235543119e-02 4.683416029787516172e-02 4.678655626507319254e-02 4.672628496994917641e-02 4.664619140820999016e-02 4.654552631444509175e-02 4.641527574839272863e-02 4.624949987838111731e-02 4.603772421394566189e-02 4.576953040676434714e-02 4.543115187803989374e-02
