3.074620650972045063e-03 2.907380730652095457e-03 2.739211748418964466e-03 2.571209016995615066e-03 2.403187215001410110e-03 2.234235607810244190e-03 2.067223250773722511e-03 1.899837797714009789e-03 1.731741087334845485e-03 1.582877769352424111e-03 1.147828304337160116e-03 5.868062660758792577e-04 -1.344671624582813774e-04 -1.067079815969013785e-03 -2.265792342203154248e-03 -3.807481149100958289e-03 -5.789190723180057986e-03 -8.325401631688104237e-03 -1.155895118950446207e-02
3.092553501323870926e-03 2.923527645238619029e-03 2.756394760102581689e-03 2.586984145177074861e-03 2.418973419394464947e-03 2.251697604933777103e-03 2.083571953172510746e-03 1.916670584545513648e-03 1.747892947831129794e-03 1.599681663320675880e-03 1.165416996460904306e-03 6.050325386911845722e-04 -1.173893554216005409e-04 -1.048513649651713550e-03 -2.247681154246124191e-03 -3.790192703333090073e-03 -5.770205052862611463e-03 -8.306355518564862567e-03 -1.154041239496309511e-02
3.038432195228371428e-03 2.870144889634006040e-03 2.702111164683780164e-03 2.533465618985256216e-03 2.366165482086627931e-03 2.197266900656398656e-03 2.030277783165893284e-03 1.862448492955578539e-03 1.694710092336790654e-03 1.545682520957856977e-03 1.111509449916396565e-03 5.501628993340823386e-04 -1.712440083225079683e-04 -1.102728525786128046e-03 -2.301717940358470778e-03 -3.844191357957984275e-03 -5.824152476818165655e-03 -8.360118544934761961e-03 -1.159406877786292762e-02
2.919968471340840272e-03 2.752305428126727242e-03 2.584078127856958597e-03 2.415964056342627224e-03 2.248350895982000486e-03 2.079687706688317442e-03 1.912472768601848529e-03 1.744756470974391299e-03 1.576855436335511179e-03 1.427482867427295674e-03 9.932573480632930253e-04 4.332275602606302655e-04 -2.903519692893809625e-04 -1.221324556859933576e-03 -2.419755875406880662e-03 -3.963097540414003972e-03 -5.942635283451610205e-03 -8.479182637615934048e-03 -1.171162175729324566e-02
2.752804643633687334e-03 2.584439299695115953e-03 2.416689163426857627e-03 2.247379690579547409e-03 2.080293859421395580e-03 1.912493035212691189e-03 1.743526451333787634e-03 1.576830904949747068e-03 1.408005664306418835e-03 1.259880102631033560e-03 8.245071807737193838e-04 2.652391816005398488e-04 -4.581796128462309759e-04 -1.389494765984902909e-03 -2.587536975011220722e-03 -4.129970546546374299e-03 -6.110231194838436873e-03 -8.647083315915920013e-03 -1.187978260084241421e-02
2.545961277346919099e-03 2.377967451005049641e-03 2.209688820670827752e-03 2.041420584479663406e-03 1.873156839742719758e-03 1.705018462554215618e-03 1.537595380540878430e-03 1.369552006800275846e-03 1.201066766661998192e-03 1.052953502897812721e-03 6.186793922042095563e-04 5.808031428834500962e-05 -6.641789432040505307e-04 -1.596560845317138676e-03 -2.794914981986441286e-03 -4.336903244172659981e-03 -6.317566966118987049e-03 -8.854436199147653480e-03 -1.208742825844634494e-02
2.307866085830250890e-03 2.139614689086227501e-03 1.971400407085038310e-03 1.803335358362561725e-03 1.635131259967236711e-03 1.467354311885742417e-03 1.298971608953599895e-03 1.131603743094484939e-03 9.627236487704040084e-04 8.147918178883751215e-04 3.802510599452948916e-04 -1.810272451297255728e-04 -9.027180813443924298e-04 -1.833883900569880732e-03 -3.032992146629553531e-03 -4.575599068819528707e-03 -6.555874953100381333e-03 -9.093215632850551455e-03 -1.232606688658948076e-02
2.044300653681506257e-03 1.875182596898408282e-03 1.707924883163820708e-03 1.539581424357176938e-03 1.371777938479763542e-03 1.203871314087943825e-03 1.035831153962323220e-03 8.682095429396222922e-04 7.002073008444178450e-04 5.510448368004786188e-04 1.164210920782387534e-04 -4.434411113664140139e-04 -1.166029298063354664e-03 -2.098459768603590930e-03 -3.297605524488567055e-03 -4.839477774759235948e-03 -6.819665674364783561e-03 -9.356929166078501586e-03 -1.258975682327557327e-02
1.760083351281394991e-03 1.591792426388160099e-03 1.424009372231097460e-03 1.255931492778422946e-03 1.086693537946361188e-03 9.196165993407920012e-04 7.518819482563602946e-04 5.840103032261711015e-04 4.162545700162502546e-04 2.671462893765550058e-04 -1.681442977046096704e-04 -7.277438498629442212e-04 -1.450963163993092969e-03 -2.381467620669912126e-03 -3.580621213468643781e-03 -5.123501128414338114e-03 -7.104436970562557838e-03 -9.640921843766759800e-03 -1.287391304067942235e-02
1.493402336526327649e-03 1.325047832916843122e-03 1.157001312339578630e-03 9.881213992362196125e-04 8.199422972797909982e-04 6.527607900960719599e-04 4.847137256116325799e-04 3.160834478593365737e-04 1.487102028574538751e-04 0.000000000000000000e+00 -4.342573442762648448e-04 -9.955603054212208008e-04 -1.717022521642905209e-03 -2.649271960064713844e-03 -3.848391809454448833e-03 -5.390076508649016725e-03 -7.370851978757952602e-03 -9.906714079157588962e-03 -1.314086160418370501e-02
6.572412166760240515e-04 4.888715583685610119e-04 3.208460366039776724e-04 1.525257559623117726e-04 -1.523345891962983981e-05 -1.834192167616886359e-04 -3.511515057469326274e-04 -5.191854395948185784e-04 -6.869539053147045169e-04 -8.368679947963655451e-04 -1.270120923240731278e-03 -1.830683595907142908e-03 -2.553208599362686172e-03 -3.484520488178316847e-03 -4.683540924124237129e-03 -6.225973835944906276e-03 -8.207062167617238876e-03 -1.074265002073248113e-02 -1.397651344570717720e-02
-5.075412103883833893e-04 -6.755703286315729210e-04 -8.438241074328782032e-04 -1.012136742001617552e-03 -1.180830316311579260e-03 -1.348669122478328951e-03 -1.516639597977360084e-03 -1.683591166290786603e-03 -1.852403943273464191e-03 -2.000773940291819195e-03 -2.434435175708560533e-03 -2.995086088598116359e-03 -3.717367326640586608e-03 -4.648918864760789166e-03 -5.847861780019998450e-03 -7.389495398786279437e-03 -9.370663021916844637e-03 -1.190517266329938449e-02 -1.513806672019658330e-02
-2.084645470346399836e-03 -2.252394042780724720e-03 -2.420947628340760615e-03 -2.588443489470465195e-03 -2.756547209225305300e-03 -2.924061289317820504e-03 -3.092546469751011363e-03 -3.260019936991252233e-03 -3.427948942095194063e-03 -3.576494652993408418e-03 -4.010501778625509203e-03 -4.570690150527737493e-03 -5.293591384422924317e-03 -6.223800290699191100e-03 -7.421955305819031602e-03 -8.963511579679389954e-03 -1.094234654857438420e-02 -1.347666142253921805e-02 -1.670811854973552890e-02
-4.160937453209450840e-03 -4.327849598306773848e-03 -4.495872641159175814e-03 -4.663846214333383644e-03 -4.831534026014456390e-03 -4.999353788598316639e-03 -5.167931264884211527e-03 -5.335320710232799822e-03 -5.502304085134118034e-03 -5.651748345993503654e-03 -6.084601972968036246e-03 -6.644780599709621677e-03 -7.366772973385876840e-03 -8.295668677573076605e-03 -9.493200222048834430e-03 -1.103332008920427515e-02 -1.301086120971542588e-02 -1.554305048957952025e-02 -1.877175426979456330e-02
-6.819751602492947658e-03 -6.987676233868530401e-03 -7.154720078005572317e-03 -7.322094975932666623e-03 -7.489872135818909787e-03 -7.657255961850385761e-03 -7.825058820091485359e-03 -7.991929610249033644e-03 -8.159549518993452696e-03 -8.308206596579648801e-03 -8.741437686377745778e-03 -9.300334400018475320e-03 -1.002081220221732495e-02 -1.094977996993388644e-02 -1.214566686927215540e-02 -1.368398437478509679e-02 -1.565800017656412274e-02 -1.818691699911720305e-02 -2.141036066526634529e-02
-1.013897830881860772e-02 -1.030581796825293106e-02 -1.047341709774071185e-02 -1.064089050674662910e-02 -1.080751237025393517e-02 -1.097475690591702413e-02 -1.114189838779075341e-02 -1.130895977111458228e-02 -1.147556111558327950e-02 -1.162409904494967304e-02 -1.205667059233205343e-02 -1.261405421694780822e-02 -1.333310777417262040e-02 -1.425991310339884757e-02 -1.545315484834995992e-02 -1.698857160196613411e-02 -1.895810628411491450e-02 -2.148111172929743212e-02 -2.469803549042406607e-02
-1.418294020490167354e-02 -1.434962440392945765e-02 -1.451623085941147230e-02 -1.468312341991986902e-02 -1.484962561554049182e-02 -1.501688415291937452e-02 -1.518283419163211044e-02 -1.534935149714355615e-02 -1.551613720106593403e-02 -1.566388229588600370e-02 -1.609476291122858768e-02 -1.665080306044137634e-02 -1.736743193672112689e-02 -1.829148096954638300e-02 -1.948067334425755692e-02 -2.101070389057713497e-02 -2.297545403484874127e-02 -2.549003749189550361e-02 -2.869613625644419630e-02
-1.900576168262840121e-02 -1.917130902359941505e-02 -1.933740580930432690e-02 -1.950396774468213246e-02 -1.966976841524434652e-02 -1.983542323454742101e-02 -2.000159064006278020e-02 -2.016708912254840114e-02 -2.033305841355293603e-02 -2.048017628803316600e-02 -2.090918202990049019e-02 -2.146330263425462806e-02 -2.217655672782538334e-02 -2.309640109535258251e-02 -2.428085364669253787e-02 -2.580448666960847778e-02 -2.776040788360139774e-02 -3.026382386655468090e-02 -3.345601701066414080e-02
-2.465074444434461887e-02 -2.481533250563288523e-02 -2.498088296064890357e-02 -2.514594232887137903e-02 -2.531094446896186775e-02 -2.547662285824692577e-02 -2.564083994227000715e-02 -2.580612499136364715e-02 -2.597064676623390272e-02 -2.611750305075413725e-02 -2.654426564023134802e-02 -2.709463903194538406e-02 -2.780367379676481829e-02 -2.871847612337681890e-02 -2.989612523736534522e-02 -3.141078875607021537e-02 -3.335532424805064122e-02 -3.584447324138354679e-02 -3.901821411579724230e-02
