-6.934374132678335079e-02 -6.940678522612667156e-02 -6.946934156506621993e-02 -6.953113576543651364e-02 -6.959243391864033956e-02 -6.965408764381245121e-02 -6.971571373865734222e-02 -6.977798088105710561e-02 -6.983906300295031344e-02 -6.989324920173480005e-02 -7.005107293821913328e-02 -7.025380988457315123e-02 -7.051294195045804125e-02 -7.084370487945802763e-02 -7.126371556799918072e-02 -7.179226819140716032e-02 -7.245577362716855430e-02 -7.327483407516474645e-02 -7.427124067923103479e-02
-6.017214868041102782e-02 -6.026115725992486905e-02 -6.034931699704039476e-02 -6.043729340315145276e-02 -6.052523429326136378e-02 -6.061158132573216117e-02 -6.069928903902779144e-02 -6.078615480586789521e-02 -6.087339357210797691e-02 -6.095058529215010429e-02 -6.117443359066214448e-02 -6.146246087723723772e-02 -6.183074671669586825e-02 -6.230127214446797013e-02 -6.290034628829777041e-02 -6.365868223312702578e-02 -6.461132544245257181e-02 -6.579715163208575690e-02 -6.724788039765551562e-02
-5.136490022173899328e-02 -5.147357674705055341e-02 -5.158204296043795295e-02 -5.168982696470508786e-02 -5.179782328268593694e-02 -5.190549975857217113e-02 -5.201327796205305887e-02 -5.212047629481669775e-02 -5.222744716620176392e-02 -5.232346142743874579e-02 -5.259948391800253059e-02 -5.295411559394170437e-02 -5.340940689192293783e-02 -5.399169436643451447e-02 -5.473500430849939646e-02 -5.567926447157756087e-02 -5.686980552118270360e-02 -5.835882911409867591e-02 -6.019806803198646944e-02
-4.289239805090195451e-02 -4.301626540967817824e-02 -4.314004656989676306e-02 -4.326404364085692511e-02 -4.338808130336974100e-02 -4.351129628212922762e-02 -4.363510660592224977e-02 -4.375801623339397456e-02 -4.388085248881444522e-02 -4.399054290819075230e-02 -4.430764609684528788e-02 -4.471715296839346571e-02 -4.524059075647602485e-02 -4.591342412813147200e-02 -4.677204367538445595e-02 -4.786659054745432545e-02 -4.925185689132962480e-02 -5.099385742499598639e-02 -5.315991365923410789e-02
-3.472529351499964445e-02 -3.486145835466097215e-02 -3.499821217528319844e-02 -3.513451879884018497e-02 -3.527090968284941896e-02 -3.540748053964300895e-02 -3.554282272050294372e-02 -3.567956524617432040e-02 -3.581449366858580063e-02 -3.593490612071600920e-02 -3.628484576273495466e-02 -3.673677765566880915e-02 -3.731523472233449351e-02 -3.805975812216540882e-02 -3.901114254661335740e-02 -4.022673764126530327e-02 -4.177190493268169436e-02 -4.372298998672161791e-02 -4.616293517200509289e-02
-2.684090490327627199e-02 -2.698748156019659117e-02 -2.713423753129859048e-02 -2.728104992214189575e-02 -2.742609197561201098e-02 -2.757215186872861643e-02 -2.771818650021442773e-02 -2.786366846890549198e-02 -2.800933513581013029e-02 -2.813878775114812131e-02 -2.851470992498839410e-02 -2.899928764170389001e-02 -2.962270502477759582e-02 -3.042369229042249032e-02 -3.145156136087799009e-02 -3.276467577469858311e-02 -3.444014402802649671e-02 -3.656174565847959690e-02 -3.923047486534091827e-02
-1.921883036732311562e-02 -1.937345744372002271e-02 -1.952826629952628470e-02 -1.968194822518685300e-02 -1.983514665942130023e-02 -1.998876293992941575e-02 -2.014264365799923323e-02 -2.029607273459541408e-02 -2.044926965576080932e-02 -2.058606617370312142e-02 -2.098326361489436659e-02 -2.149358058620056897e-02 -2.215184755688048152e-02 -2.299887330651305406e-02 -2.408530595973539662e-02 -2.547831211507391863e-02 -2.725778117759012145e-02 -2.952106887664499371e-02 -3.237900036532233294e-02
-1.183957014604726174e-02 -1.200006143830868212e-02 -1.216032161248877495e-02 -1.232012165815393918e-02 -1.248027960705088389e-02 -1.263994922366876335e-02 -1.279991963498479379e-02 -1.296026064343956848e-02 -1.311902626987572137e-02 -1.326106918151985677e-02 -1.367372256478216995e-02 -1.420605632845547972e-02 -1.489189175298939391e-02 -1.577456159396339527e-02 -1.690942483049215003e-02 -1.836577129591547911e-02 -2.023003396879040697e-02 -2.260710015413268034e-02 -2.562079899097471913e-02
-4.687080274614442016e-03 -4.851718093588948746e-03 -5.017520936679771212e-03 -5.182451674534830147e-03 -5.347257186581301849e-03 -5.511075882587436123e-03 -5.676486012572205982e-03 -5.839945021688332585e-03 -6.004318482253609250e-03 -6.150930096108952159e-03 -6.576113674257031035e-03 -7.125025917836326148e-03 -7.833127664922907157e-03 -8.743510637002587307e-03 -9.916218935812537785e-03 -1.142301858014844150e-02 -1.335503032334768407e-02 -1.582505885564323977e-02 -1.896661194330486258e-02
1.493402336526327649e-03 1.325047832916843122e-03 1.157001312339578630e-03 9.881213992362196125e-04 8.199422972797909982e-04 6.527607900960719599e-04 4.847137256116325799e-04 3.160834478593365737e-04 1.487102028574538751e-04 0.000000000000000000e+00 -4.342573442762648448e-04 -9.955603054212208008e-04 -1.717022521642905209e-03 -2.649271960064713844e-03 -3.848391809454448833e-03 -5.390076508649016725e-03 -7.370851978757952602e-03 -9.906714079157588962e-03 -1.314086160418370501e-02
1.864457631211768884e-02 1.847029855256833442e-02 1.829585886306537082e-02 1.812181606382895840e-02 1.794756009481145165e-02 1.777461355556537656e-02 1.760087596784870589e-02 1.742675279403058802e-02 1.725227263855259874e-02 1.709843578987803314e-02 1.664718841420683923e-02 1.606628469638059914e-02 1.531648059655844885e-02 1.434702500631575110e-02 1.309908291872065138e-02 1.148839213133851477e-02 9.415622886530977328e-03 6.750551581298613879e-03 3.331818994714678961e-03
3.913027429526871881e-02 3.895406654517338807e-02 3.877703820505243315e-02 3.860185156203423118e-02 3.842552093574793520e-02 3.824864007595335513e-02 3.807321206226797067e-02 3.789610399965333970e-02 3.772055859684015494e-02 3.756379360004102885e-02 3.710687796318037912e-02 3.651552249703424180e-02 3.575412266488623564e-02 3.476963708999784852e-02 3.349763794665042149e-02 3.185544492537329547e-02 2.973498849147923270e-02 2.699911439148608427e-02 2.347336888621555720e-02
6.329211537828156875e-02 6.311856653371662740e-02 6.294308225286615599e-02 6.276869707196185144e-02 6.259519475924493759e-02 6.242043669148449048e-02 6.224516636531696179e-02 6.207139691523311936e-02 6.189673991762126987e-02 6.174163721066236454e-02 6.128786118881154182e-02 6.070370026818484865e-02 5.994725077603000468e-02 5.896868276366908773e-02 5.770534911583047322e-02 5.607132962604984699e-02 5.395717212505931476e-02 5.122122410543444165e-02 4.768420440304686064e-02
9.142457227976971690e-02 9.125484475615103230e-02 9.108742394285689048e-02 9.091862769942991862e-02 9.074899108845783935e-02 9.058055074676414631e-02 9.041242685632604192e-02 9.024279476225992302e-02 9.007471112108667022e-02 8.992477440259867560e-02 8.948611854068022620e-02 8.891996634757283469e-02 8.818857613548337915e-02 8.724192757948041888e-02 8.601630326004390537e-02 8.443164340353880026e-02 8.237805360125820264e-02 7.971695515367681339e-02 7.626576906741745765e-02
1.237579143131151554e-01 1.235989153507208727e-01 1.234399419736196962e-01 1.232807649519895993e-01 1.231214136936951975e-01 1.229622244696125660e-01 1.228020623159963715e-01 1.226430824197715791e-01 1.224840429116019203e-01 1.223419169519169014e-01 1.219283858747890470e-01 1.213938656771387375e-01 1.207021454139926425e-01 1.198070506646371630e-01 1.186494338447968699e-01 1.171498202196033511e-01 1.152061055829631669e-01 1.126830600067755955e-01 1.094093460059250289e-01
1.604646439676077618e-01 1.603176226677447413e-01 1.601708197504004838e-01 1.600237071978648506e-01 1.598774476230928054e-01 1.597297037932400299e-01 1.595833784997625626e-01 1.594361238643031975e-01 1.592887380646999529e-01 1.591579848360642480e-01 1.587758162411403995e-01 1.582822456135870304e-01 1.576432213848740216e-01 1.568160970349795069e-01 1.557475685718702763e-01 1.543613042616168718e-01 1.525657653771216871e-01 1.502341378902892211e-01 1.472050599320764708e-01
2.016615621148590831e-01 2.015279400578286473e-01 2.013958340004131653e-01 2.012624082487236565e-01 2.011297517298296644e-01 2.009966953353908292e-01 2.008636434315454744e-01 2.007304657352042276e-01 2.005973722899527245e-01 2.004789644278944238e-01 2.001334514451779123e-01 1.996868894557983498e-01 1.991089842818479505e-01 1.983617053642723893e-01 1.973941322264366471e-01 1.961406835981388264e-01 1.945165646576184626e-01 1.924083709190803904e-01 1.896690676795594055e-01
2.474210049465065675e-01 2.473028289929027068e-01 2.471846408695941855e-01 2.470665832079270707e-01 2.469480884166333212e-01 2.468302381302882043e-01 2.467119328331421890e-01 2.465925998567131960e-01 2.464751891567157904e-01 2.463700323265411718e-01 2.460630274741540668e-01 2.456659047702698939e-01 2.451530367399049337e-01 2.444890750046912475e-01 2.436288179153160427e-01 2.425175559316543605e-01 2.410761439800827577e-01 2.392057928517568322e-01 2.367763198146506931e-01
2.977912713090198338e-01 2.976879022421209386e-01 2.975845896574693672e-01 2.974811453869622424e-01 2.973778783600047881e-01 2.972745038981802757e-01 2.971707414839556138e-01 2.970661055003585571e-01 2.969639482754803383e-01 2.968718387121616620e-01 2.966033450346708955e-01 2.962563166554480487e-01 2.958066575322728098e-01 2.952264404160607203e-01 2.944763609963079731e-01 2.935029067312475703e-01 2.922449186201963589e-01 2.906106944290632321e-01 2.884925037252677460e-01
