9.627300822253058868e+03 9.627300822253058868e+03 9.627300822253058868e+03 9.627300822253058868e+03 9.627300822253058868e+03 9.627300822253058868e+03 9.627300822253058868e+03 9.627300822253058868e+03 9.627300822253058868e+03 9.627300822253058868e+03 9.627300822253058868e+03 9.627300822253058868e+03 9.627300822253058868e+03 9.627300822253058868e+03 9.627300822253058868e+03 9.627300822253058868e+03 9.627300822253058868e+03 9.627300822253058868e+03 9.627300822253058868e+03
3.722809503563636602e-01 3.896639655031617910e-01 4.063562462541792097e-01 4.223937956742305766e-01 4.378155929355526110e-01 4.526645723900457607e-01 4.669763210722378544e-01 4.807899504151248449e-01 4.941379200107278158e-01 5.056377167160333030e-01 5.373908264991920092e-01 5.750211739950725764e-01 6.190280629009949909e-01 6.698265435713393057e-01 7.277413514795416649e-01 7.930363973865648397e-01 8.659372685955146753e-01 9.466715610163254357e-01 1.035505077929344431e+00
2.043199398171163250e-01 2.192124003665520127e-01 2.335159270279927868e-01 2.472611345090685031e-01 2.604810051611933797e-01 2.732093552523008895e-01 2.854791350711171072e-01 2.973209671592446646e-01 3.087638100611861947e-01 3.186213289508966207e-01 3.458385561317933732e-01 3.780814374230334063e-01 4.157711560519670724e-01 4.592371900573402055e-01 5.087344532306680156e-01 5.644464539130354952e-01 6.265144516338437830e-01 6.950591334219107242e-01 7.702143925259941071e-01
1.169565646409928966e-01 1.305795169473754347e-01 1.436691005790597109e-01 1.562482312926360140e-01 1.683506179310323703e-01 1.800028314092632087e-01 1.912369565125104642e-01 2.020801567852539837e-01 2.125584382677229434e-01 2.215859964793192860e-01 2.465096798440119252e-01 2.760375328619945612e-01 3.105481339847631639e-01 3.503408653185932087e-01 3.956362952664637112e-01 4.465908937134136503e-01 5.033121530676776256e-01 5.658868235654084256e-01 6.344050312109662526e-01
5.937338466154981620e-02 7.217053859480247746e-02 8.446853871485709986e-02 9.629149226115799043e-02 1.076637460238545896e-01 1.186174024275554184e-01 1.291778693527276534e-01 1.393716700246012130e-01 1.492228444186413649e-01 1.577105851253835789e-01 1.811463099316583947e-01 2.089122814685112350e-01 2.413633447787320307e-01 2.787776155527347255e-01 3.213592893050557509e-01 3.692466504379940950e-01 4.225314622011560606e-01 4.812833736871935386e-01 5.455673403586452919e-01
1.707476154470694701e-02 2.927177148801474518e-02 4.099426874502220403e-02 5.226350476662020017e-02 6.310671650062150972e-02 7.355053954987918197e-02 8.361922977191088568e-02 9.334124720952037546e-02 1.027353130095590844e-01 1.108310119241915359e-01 1.331829868259897520e-01 1.596683779347633225e-01 1.906226117709422796e-01 2.263120653384323722e-01 2.669260731623099292e-01 3.125918334255322617e-01 3.633940342913135613e-01 4.193854904882721724e-01 4.806213335399002751e-01
-1.601390743273025177e-02 -4.284645230771393434e-03 6.989436636721919026e-03 1.782977699610421851e-02 2.825978460829249583e-02 3.830830545582056962e-02 4.799753935781577580e-02 5.735098557346857140e-02 6.639185701743710588e-02 7.418080713702887574e-02 9.569244741409324573e-02 1.211840693404850344e-01 1.509766520945808321e-01 1.853260263565151278e-01 2.244156288404390298e-01 2.683625507975080926e-01 3.172407088662314578e-01 3.711021179888113752e-01 4.299869035582720711e-01
-4.299177912934332157e-02 -3.164177283240766914e-02 -2.073103275968332312e-02 -1.023985303128677020e-02 -1.419829854864677638e-04 9.583912808079270151e-03 1.896458207672039112e-02 2.802058491153115033e-02 3.677398569905698800e-02 4.431656720296765772e-02 6.514626078772196849e-02 8.983142243709076047e-02 1.186835957222762417e-01 1.519493889129469033e-01 1.898026730210935487e-01 2.323586649135241100e-01 2.796845847423708453e-01 3.318230198234258799e-01 3.888113507669096469e-01
-6.564005456076535405e-02 -5.460718216754169296e-02 -4.400050657307930102e-02 -3.379881041811576281e-02 -2.398105867812323766e-02 -1.452337645856186313e-02 -5.401020093735731283e-03 3.405452638849539027e-03 1.191921872028349656e-02 1.925511613922566492e-02 3.951465506343593975e-02 6.352685436153278353e-02 9.159341775733174928e-02 1.239539591281669378e-01 1.607769015817743508e-01 2.021720503817285575e-01 2.482025013852361683e-01 2.989066406855457880e-01 3.543153862554215272e-01
-8.304733517061377301e-02 -7.225721916242602849e-02 -6.188249582124218107e-02 -5.190427486804167351e-02 -4.230010882459607491e-02 -3.304733622964964312e-02 -2.412342660109419168e-02 -1.550680604217754242e-02 -7.178326380924363731e-03 0.000000000000000000e+00 1.982485251965681455e-02 4.332021923271268948e-02 7.078493019341927650e-02 1.024530961615719715e-01 1.384868161310980339e-01 1.789946154762653008e-01 2.240354798806340197e-01 2.736431274197800301e-01 3.278472865497325528e-01
-1.236552227383101443e-01 -1.134285887311210633e-01 -1.035929871256156404e-01 -9.413255020208893820e-02 -8.502403063593690080e-02 -7.624843301014123942e-02 -6.778270179106896109e-02 -5.960808706612167468e-02 -5.170523659343541356e-02 -4.489493933232646672e-02 -2.608222544502273102e-02 -3.781498796420260794e-03 2.228923372872539110e-02 5.235072810307652563e-02 8.655821438580423022e-02 1.250087440928303317e-01 1.677562810203989396e-01 2.148283376088829244e-01 2.662452166578584967e-01
-1.619693463512716092e-01 -1.522699191491843629e-01 -1.429387246833882796e-01 -1.339616236316060749e-01 -1.253188659664517535e-01 -1.169883668714902653e-01 -1.089529062599665643e-01 -1.011921157439835128e-01 -9.368868651955002125e-02 -8.722163595407918246e-02 -6.935644078760336284e-02 -4.817448201916869205e-02 -2.340900309084028089e-02 5.150019317190050738e-03 3.764877990091034660e-02 7.417719156253860247e-02 1.147826528806501628e-01 1.594874350535834817e-01 2.083049632862533085e-01
-1.980472864619284845e-01 -1.888402859498452269e-01 -1.799817563168243095e-01 -1.714578035422829050e-01 -1.632487447626854993e-01 -1.553352634725278236e-01 -1.477018934460036514e-01 -1.403270493935590002e-01 -1.331973270616018390e-01 -1.270510103807446778e-01 -1.100699418072256103e-01 -8.993559989385074838e-02 -6.638854506156670332e-02 -3.923292037678872968e-02 -8.330982157522695206e-03 2.640261703342505414e-02 6.501037591198736976e-02 1.075068169937962725e-01 1.539040846649884497e-01
-2.319335200436660471e-01 -2.231859973755963567e-01 -2.147678076454553886e-01 -2.066648551093382136e-01 -1.988603780025531287e-01 -1.913365312631709059e-01 -1.840766768385461993e-01 -1.770633193942253159e-01 -1.702816353303211738e-01 -1.644354196974432136e-01 -1.482789627255573228e-01 -1.291191857081031846e-01 -1.067093823278978670e-01 -8.086327165293305530e-02 -5.144778233513114252e-02 -1.838578433425067105e-02 1.835933995710139696e-02 5.880187070450864500e-02 1.029446091267623292e-01
-2.636552243757840919e-01 -2.553349443227683202e-01 -2.473254048875859201e-01 -2.396145345446014097e-01 -2.321864998616778308e-01 -2.250243175925915051e-01 -2.181121471907788989e-01 -2.114338780539617157e-01 -2.049752317822592373e-01 -1.994076947281889500e-01 -1.840185175506828807e-01 -1.657644816476963323e-01 -1.444120311903016318e-01 -1.197812739438269269e-01 -9.174922013553453437e-02 -6.024162699336326615e-02 -2.522544830806269442e-02 1.330772635362383223e-02 5.535861416315200623e-02
-2.932241046439514887e-01 -2.852991658009593756e-01 -2.776679584479341822e-01 -2.703200588660386039e-01 -2.632404517656501963e-01 -2.564131539632157897e-01 -2.498232331864298494e-01 -2.434558777571659838e-01 -2.372964677420751067e-01 -2.319861570357906466e-01 -2.173081188205749636e-01 -1.998929358620020469e-01 -1.795190048439141428e-01 -1.560150528924755253e-01 -1.292616622546005345e-01 -9.919320179536497695e-02 -6.577904256188162047e-02 -2.901299041236926959e-02 1.110189754885917805e-02
-3.206384872712666478e-01 -3.130777388259126659e-01 -3.057958972230154227e-01 -2.987826599688264140e-01 -2.920236721578860495e-01 -2.855053519174179377e-01 -2.792121297581570682e-01 -2.731306053531550870e-01 -2.672476424765746761e-01 -2.621748020051569705e-01 -2.481507683849621670e-01 -2.315097113850662636e-01 -2.120379450259932685e-01 -1.895709030265574357e-01 -1.639983195349382916e-01 -1.352557980104435453e-01 -1.033169855132576587e-01 -6.817899405789598632e-02 -2.984831723377011706e-02
-3.458887958353372705e-01 -3.386614906476649312e-01 -3.316998272203625642e-01 -3.249931439820016865e-01 -3.185286083668536494e-01 -3.122932778547156119e-01 -3.062717685870798845e-01 -3.004523073225340291e-01 -2.948222675210985799e-01 -2.899671375878778989e-01 -2.765428895852511948e-01 -2.606106324608967739e-01 -2.419650551596894683e-01 -2.204490814448622493e-01 -1.959569089491105531e-01 -1.684298305407851970e-01 -1.378431917336483681e-01 -1.041971737830135331e-01 -6.750173007477215659e-02
-3.689615443677787265e-01 -3.620381209377512843e-01 -3.553674732737356901e-01 -3.489397686263400744e-01 -3.427430537941025257e-01 -3.367646564833206568e-01 -3.309912747598022786e-01 -3.254104320190931432e-01 -3.200106574660337988e-01 -3.153534628309967447e-01 -3.024748301473336176e-01 -2.871872648371020520e-01 -2.692932268028601084e-01 -2.486430587661893343e-01 -2.251339548062729901e-01 -1.987119307015371428e-01 -1.693557103899729632e-01 -1.370674035101697996e-01 -1.018585875090709109e-01
