5.866114654882566976e-02 5.989119096538002285e-02 6.112648453744808086e-02 6.236548000431910849e-02 6.360702445764902790e-02 6.485490825391254655e-02 6.610589411821554684e-02 6.736035464241435511e-02 6.861871852865858434e-02 6.974038730166401412e-02 7.302692077949703153e-02 7.730785870803040527e-02 8.289298152109096651e-02 9.020217904072334869e-02 9.979128744881543556e-02 1.124175920905252368e-01 1.291901998066419255e-01 1.515140026906858228e-01 1.813429704612843640e-01
5.570991165038435139e-02 5.689793645786010712e-02 5.809056644683666115e-02 5.928586910458462367e-02 6.048408915411395553e-02 6.168570320289222531e-02 6.289059154877599256e-02 6.409886754078984727e-02 6.530919693821346517e-02 6.638913515471568660e-02 6.954968457906098023e-02 7.365896574645064421e-02 7.901488551326694976e-02 8.600489094091515185e-02 9.514756468102229803e-02 1.071367351250719774e-01 1.228992696089615394e-01 1.437829938822052234e-01 1.713499912781725198e-01
4.874496148063964251e-02 4.984629885851808717e-02 5.095278830915224433e-02 5.206143860183038569e-02 5.317304905189416953e-02 5.428743882369361368e-02 5.540352998506666016e-02 5.652168179360610861e-02 5.764258766455888222e-02 5.863998950844832858e-02 6.155965773343528152e-02 6.534803436267401511e-02 7.027132551407946903e-02 7.667526903053528686e-02 8.501474524514435194e-02 9.588036776146680040e-02 1.100435809231796597e-01 1.284894539848033534e-01 1.525236984112531002e-01
4.053181434604646860e-02 4.154329265957723560e-02 4.255738449868154416e-02 4.357284341531610788e-02 4.458953797936492103e-02 4.560807813387602466e-02 4.662743386480659724e-02 4.764897268280207654e-02 4.867114318901183401e-02 4.958153926862143152e-02 5.224055548323119913e-02 5.568567208383682493e-02 6.017037227203294453e-02 6.598929039520604056e-02 7.353741226294352451e-02 8.331663936340986953e-02 9.596728465976955835e-02 1.122725100584759522e-01 1.331443070933801265e-01
3.201674500240365984e-02 3.294799453010641144e-02 3.388003729710404449e-02 3.481282894149287377e-02 3.574738318903566969e-02 3.668166959405112781e-02 3.761749962384811075e-02 3.855406813540192268e-02 3.949129323916009127e-02 4.032541150074125252e-02 4.275877022490848223e-02 4.590768691047002886e-02 4.998109468124679877e-02 5.524825432857421309e-02 6.205364501155843232e-02 7.086085739099959313e-02 8.219479485760436410e-02 9.667769759722272260e-02 1.149997157306443946e-01
2.361998053763114669e-02 2.447805318151916737e-02 2.533584829118418202e-02 2.619443811459011215e-02 2.705466833168806637e-02 2.791311105242395493e-02 2.877372271456546740e-02 2.963425997802753009e-02 3.049528445286072559e-02 3.125999871744510050e-02 3.349236371937760331e-02 3.637576506208087951e-02 4.009987517266109386e-02 4.490395019801243781e-02 5.109217782383355250e-02 5.904113441541150586e-02 6.920419762091949145e-02 8.214485971645707485e-02 9.837547199892858474e-02
1.552440642717288835e-02 1.631640548609358463e-02 1.710924621921396452e-02 1.790172994060627853e-02 1.869472069083414137e-02 1.948789258447834044e-02 2.028029529366239328e-02 2.107284650930494815e-02 2.186582181518291132e-02 2.257069963208720165e-02 2.462347703529261730e-02 2.727276652365559495e-02 3.068838720462055761e-02 3.508608726515108356e-02 4.073548994439116222e-02 4.796726107141514178e-02 5.717398843175825612e-02 6.878783913735994626e-02 8.324214941386222366e-02
7.806258001854689960e-03 8.540739342880739743e-03 9.274996114221207774e-03 1.000935980579130587e-02 1.074278245298508454e-02 1.147615945320500097e-02 1.220927273385372450e-02 1.294236181515092017e-02 1.367488534151234739e-02 1.432570011546321041e-02 1.622136826129836479e-02 1.866378398480459180e-02 2.180873941436114322e-02 2.584964553594735689e-02 3.102758231264253833e-02 3.763701341388799027e-02 4.601828491643478874e-02 5.653920406223913314e-02 6.953727923668782951e-02
4.876465219086242278e-04 1.170492601910337518e-03 1.853988959561752095e-03 2.535518470029561339e-03 3.217788336714613728e-03 3.898345524298406015e-03 4.579166950890367280e-03 5.258974919052470873e-03 5.938602629150266897e-03 6.542240795177740875e-03 8.298482796258199387e-03 1.055903504443288232e-02 1.346535436326620760e-02 1.719365200140419991e-02 2.196039444834893550e-02 2.802701894843895314e-02 3.569196945896707662e-02 4.527195186452014075e-02 5.704290944402058694e-02
-5.688089451635468946e-03 -5.045707915637200579e-03 -4.403597742526458268e-03 -3.762647964629194704e-03 -3.120431953677742145e-03 -2.481741452087394845e-03 -1.841831518336167111e-03 -1.204123915956848432e-03 -5.656716484052395607e-04 0.000000000000000000e+00 1.646280862506891178e-03 3.764838544162775989e-03 6.483909217264468942e-03 9.966424811824567409e-03 1.441085916089532640e-02 2.005203853869484340e-02 2.715879130286706633e-02 3.600815294092149510e-02 4.683416029787516172e-02
-2.202208083907153738e-02 -2.147741875900616507e-02 -2.093309432674979667e-02 -2.039043100869206843e-02 -1.984848190824258993e-02 -1.930728857537308829e-02 -1.876790345300075394e-02 -1.822925136734833765e-02 -1.769155297708626534e-02 -1.721481537470339121e-02 -1.583030223538074710e-02 -1.405395278517073548e-02 -1.178104530223400559e-02 -8.879044298203202581e-03 -5.184274023054067336e-03 -5.257474493745473588e-04 5.292705739421200463e-03 1.246294759923622167e-02 2.112571416354017823e-02
-4.013993338037797481e-02 -3.968214414700023396e-02 -3.922566030086538369e-02 -3.877006739996542023e-02 -3.831613374083633200e-02 -3.786290435074939759e-02 -3.741115556976361278e-02 -3.696071607047445723e-02 -3.651133279996111869e-02 -3.611276969175352541e-02 -3.495864403424128047e-02 -3.348089254736779513e-02 -3.159555043352908071e-02 -2.920166409112005812e-02 -2.617994905661557084e-02 -2.239763593179604564e-02 -1.771805763968083147e-02 -1.202006386688578982e-02 -5.238826814357295386e-03
-5.987754491663663942e-02 -5.950112348876406693e-02 -5.912577028474812896e-02 -5.875158955632932972e-02 -5.837858322909433850e-02 -5.800685344779497876e-02 -5.763602187119895581e-02 -5.726658754262555634e-02 -5.689848182619536288e-02 -5.657211610018386683e-02 -5.562654891902391735e-02 -5.441793470395903803e-02 -5.287917114275571262e-02 -5.092955162178498113e-02 -4.847619159421902302e-02 -4.541860302091292600e-02 -4.165927371232403670e-02 -3.712360302987512822e-02 -3.179393705720796187e-02
-8.071448450352884663e-02 -8.041508100235232603e-02 -8.011779830638386668e-02 -7.982089445665475902e-02 -7.952508247110055828e-02 -7.923007045223623424e-02 -7.893665328841079076e-02 -7.864397060554415009e-02 -7.835183377411271410e-02 -7.809376911082697992e-02 -7.734560669777315600e-02 -7.639022390071305291e-02 -7.517524465575721460e-02 -7.363831576127051470e-02 -7.170754218940041114e-02 -6.930766492669086787e-02 -6.636638468673712599e-02 -6.283240071053360076e-02 -5.870316587364474148e-02
-1.017210555430365371e-01 -1.014931128153161166e-01 -1.012662183509958069e-01 -1.010401517504932872e-01 -1.008146872205430838e-01 -1.005908683486732430e-01 -1.003676779700675148e-01 -1.001452484946588062e-01 -9.992379799544788554e-02 -9.972758882342100395e-02 -9.916022350170229649e-02 -9.843680063335230601e-02 -9.751836926229397184e-02 -9.635918639304284772e-02 -9.490706495049137936e-02 -9.310837813473520075e-02 -9.091268535718050048e-02 -8.828732782226358933e-02 -8.523778506487203477e-02
-1.219651969442216710e-01 -1.217957002383743825e-01 -1.216274988980743793e-01 -1.214598059902726040e-01 -1.212928066141268635e-01 -1.211265636256195488e-01 -1.209613002332181886e-01 -1.207967789185851737e-01 -1.206329361876906509e-01 -1.204881626587785137e-01 -1.200697530957033771e-01 -1.195370085916363512e-01 -1.188631764359631693e-01 -1.180152518059236350e-01 -1.169581949595378395e-01 -1.156554229191645716e-01 -1.140759820567658761e-01 -1.122034305427995343e-01 -1.100499479933600283e-01
-1.413361884427038195e-01 -1.412085760541560153e-01 -1.410808985538253013e-01 -1.409545138654718088e-01 -1.408289032740576152e-01 -1.407041240836582607e-01 -1.405807063747087360e-01 -1.404571715138247245e-01 -1.403337831144228220e-01 -1.402258447233347138e-01 -1.399120454952111625e-01 -1.395145696896695209e-01 -1.390124504559306085e-01 -1.383836557815299739e-01 -1.376036217965585506e-01 -1.366485513963313358e-01 -1.354976438527240035e-01 -1.341474931267626070e-01 -1.326134164389814463e-01
-1.603630062285641422e-01 -1.602637670276686466e-01 -1.601649674531397949e-01 -1.600676470966054810e-01 -1.599703504136160415e-01 -1.598734400811321066e-01 -1.597779035500052902e-01 -1.596823925645798337e-01 -1.595886079086366871e-01 -1.595044430024638304e-01 -1.592638125172443353e-01 -1.589580970685285644e-01 -1.585736130876910510e-01 -1.580932771391780622e-01 -1.574997507026877075e-01 -1.567763481596756436e-01 -1.559118376049403176e-01 -1.549049254538777121e-01 -1.537711751439859442e-01
-1.796334770385095148e-01 -1.795557869858977751e-01 -1.794791723407984096e-01 -1.794027427067270974e-01 -1.793269899538444123e-01 -1.792516050012425144e-01 -1.791766261826563955e-01 -1.791023125837796215e-01 -1.790283182640267090e-01 -1.789630858275684799e-01 -1.787750792493777163e-01 -1.785373012839535367e-01 -1.782382456147542094e-01 -1.778666744478957784e-01 -1.774057865726076932e-01 -1.768473049374511830e-01 -1.761831881745369865e-01 -1.754128859796168782e-01 -1.745526056270361448e-01
