9.627300822253058868e+03 9.627300822253058868e+03 9.627300822253058868e+03 9.627300822253058868e+03 9.627300822253058868e+03 9.627300822253058868e+03 9.627300822253058868e+03 9.627300822253058868e+03 9.627300822253058868e+03 9.627300822253058868e+03 9.627300822253058868e+03 9.627300822253058868e+03 9.627300822253058868e+03 9.627300822253058868e+03 9.627300822253058868e+03 9.627300822253058868e+03 9.627300822253058868e+03 9.627300822253058868e+03 9.627300822253058868e+03
3.947784495536172389e-01 4.089627460487590960e-01 4.226453481889801966e-01 4.358584946436657725e-01 4.486323162977102208e-01 4.609969549297779912e-01 4.729760561491176962e-01 4.845957446399156709e-01 4.958772894396638042e-01 5.056377167160333030e-01 5.327810608545434645e-01 5.652956056562206122e-01 6.037535825223837582e-01 6.486632738713113966e-01 7.004396966089344589e-01 7.594259211672514942e-01 8.259041317185048525e-01 9.001128018324259239e-01 9.823073499776460160e-01
2.232777340704811542e-01 2.354812005782111195e-01 2.472524759279800255e-01 2.586193213963804416e-01 2.696073170876936431e-01 2.802413627045626798e-01 2.905427338604935072e-01 3.005335249199062031e-01 3.102318434258850566e-01 3.186213289508966207e-01 3.419472047345838428e-01 3.698740086939472094e-01 4.028838936297156059e-01 4.413923344766393364e-01 4.857377520941680848e-01 5.361779176327357010e-01 5.929079783287435346e-01 6.560788529650181111e-01 7.258241617878486984e-01
1.341155224151392711e-01 1.453111329551208253e-01 1.561114044325209727e-01 1.665393042516015443e-01 1.766203650917411161e-01 1.863765233906844454e-01 1.958267158297934407e-01 2.049917592940055655e-01 2.138898978846846266e-01 2.215859964793192860e-01 2.429794952467518865e-01 2.685926114730923242e-01 2.988577511806787546e-01 3.341549064304520922e-01 3.747821346126397613e-01 4.209658412817023354e-01 4.728676737691847043e-01 5.306050295708102382e-01 5.942754643811022364e-01
7.536327166605823191e-02 8.590213786207918922e-02 9.606933873201661811e-02 1.058871452153206799e-01 1.153790066870460512e-01 1.245629751307048977e-01 1.334610543195769439e-01 1.420895168798113894e-01 1.504650939125155296e-01 1.577105851253835789e-01 1.778516793690984865e-01 2.019596884019744520e-01 2.304473245152732219e-01 2.636631568088534938e-01 3.018867014221957579e-01 3.453228052643538271e-01 3.941168198572803649e-01 4.483658068102374661e-01 5.081495755240136303e-01
3.221482369821099950e-02 4.227581534823814796e-02 5.198214690085761758e-02 6.135560007279691752e-02 7.041648633060287876e-02 7.918503627928275002e-02 8.767974468562129975e-02 9.591745928131396870e-02 1.039140803436922056e-01 1.108310119241915359e-01 1.300592448392220712e-01 1.530763287636635051e-01 1.802704808084201193e-01 2.119753503428811192e-01 2.484541807138365699e-01 2.898997698897018416e-01 3.364436323405015083e-01 3.881738828554121001e-01 4.451542671446900856e-01
-1.535027829893071153e-03 8.154725512165837339e-03 1.750263341865899297e-02 2.652976172961781648e-02 3.525538551870703585e-02 4.370170959069089728e-02 5.188322794797416843e-02 5.981641666198260487e-02 6.751902044940365222e-02 7.418080713702887574e-02 9.270200012156243341e-02 1.148693702824310353e-01 1.410588384325364708e-01 1.715923308823749105e-01 2.067184405140956305e-01 2.466222908487705479e-01 2.914245197438090629e-01 3.412054303158957302e-01 3.960224527822899243e-01
-2.904817542454428761e-02 -1.966021477943403692e-02 -1.060349907999406059e-02 -1.856497260718188930e-03 6.598820623801800178e-03 1.478199935996290203e-02 2.270984043547136233e-02 3.039682451458134566e-02 3.786080909037278786e-02 4.431656720296765772e-02 6.226160498369796847e-02 8.374203943434493924e-02 1.091192138057142519e-01 1.387010633002298265e-01 1.727334675944987574e-01 2.113872122280505694e-01 2.547826357836600053e-01 3.029883864290399131e-01 3.560575090656231678e-01
-5.214389143012845146e-02 -4.300769969698473721e-02 -3.419394466622829865e-02 -2.568171689591468299e-02 -1.745380425537263608e-02 -9.488784910638292311e-03 -1.773353738171852285e-03 5.709085967045925136e-03 1.297228368455878751e-02 1.925511613922566492e-02 3.672098163127870268e-02 5.762622804795034664e-02 8.232360512635911176e-02 1.111140563031242645e-01 1.442311918202441590e-01 1.818439584614880977e-01 2.240632234537746070e-01 2.709574193270031794e-01 3.225712524698794437e-01
-6.989324920173480005e-02 -6.095058529215010429e-02 -5.232346142743874579e-02 -4.399054290819075230e-02 -3.593490612071600920e-02 -2.813878775114812131e-02 -2.058606617370312142e-02 -1.326106918151985677e-02 -6.150930096108952159e-03 0.000000000000000000e+00 1.709843578987803314e-02 3.756379360004102885e-02 6.174163721066236454e-02 8.992477440259867560e-02 1.223419169519169014e-01 1.591579848360642480e-01 2.004789644278944238e-01 2.463700323265411718e-01 2.968718387121616620e-01
-1.112941810904360812e-01 -1.027997007481251807e-01 -9.460397624298941266e-02 -8.668900100222311222e-02 -7.903556975955250419e-02 -7.162892550446552098e-02 -6.445399911143012694e-02 -5.749499370565068490e-02 -5.073936379479990211e-02 -4.489493933232646672e-02 -2.864977606062179410e-02 -9.204160089521688098e-03 1.376745484219476373e-02 4.054323513269361690e-02 7.133932825130012700e-02 1.063082738953677608e-01 1.455475048541897409e-01 1.891167201883116322e-01 2.370462988013720684e-01
-1.503490260717517124e-01 -1.422749757506904245e-01 -1.344832411347187950e-01 -1.269580239380469211e-01 -1.196825552847918667e-01 -1.126411306751891467e-01 -1.058186742066119790e-01 -9.920148845600540444e-02 -9.277802971266320420e-02 -8.722163595407918246e-02 -7.177470560350680817e-02 -5.328514112933313562e-02 -3.144224256590512356e-02 -5.983523071957238051e-03 2.329582345283481501e-02 5.653776399959626470e-02 9.383391052891400241e-02 1.352336921787668511e-01 1.807638204343797739e-01
-1.871183978672088244e-01 -1.794371807180877854e-01 -1.720242995109154127e-01 -1.648640847609190996e-01 -1.579414896151062897e-01 -1.512410088351563431e-01 -1.447482828316198900e-01 -1.384517257480978869e-01 -1.323389698891729860e-01 -1.270510103807446778e-01 -1.123501341929143138e-01 -9.475368346545384735e-02 -7.396664411431844166e-02 -4.973791403265159783e-02 -2.187575909567507013e-02 9.754415668808054732e-03 4.523521784072165319e-02 8.461157482724060430e-02 1.279047037112786556e-01
-2.216482293993096986e-01 -2.143331322065011313e-01 -2.072735436047451751e-01 -2.004540872308547550e-01 -1.938602778133106386e-01 -1.874781211633809452e-01 -1.812934223828853164e-01 -1.752951926812378602e-01 -1.694723154818816580e-01 -1.644354196974432136e-01 -1.504302740329493959e-01 -1.336665199482009736e-01 -1.138619493055769566e-01 -9.078045721364023934e-02 -6.423938423628615391e-02 -3.411364957796667041e-02 -3.239979808655963408e-04 3.716874045871472465e-02 7.837946744697689427e-02
-2.539665348673441070e-01 -2.469925984532667373e-01 -2.402610298070689820e-01 -2.337585685174710937e-01 -2.274704131637054205e-01 -2.213838624721396198e-01 -2.154860586753987450e-01 -2.097662859652243139e-01 -2.042119375534912629e-01 -1.994076947281889500e-01 -1.860495432928470083e-01 -1.700599853318995047e-01 -1.511702646636478298e-01 -1.291553109190808901e-01 -1.038420953998128310e-01 -7.511183565373950877e-02 -4.289355855383493454e-02 -7.152740330778898509e-03 3.212396558575632971e-02
-2.840864503337579561e-01 -2.774278130218988947e-01 -2.710010101549081840e-01 -2.647919868433971091e-01 -2.587874991832779803e-01 -2.529748131071514750e-01 -2.473424803567495500e-01 -2.418793423378237661e-01 -2.365748626225527285e-01 -2.319861570357906466e-01 -2.192277651731603660e-01 -2.039554825046537567e-01 -1.859131054284751949e-01 -1.648849053620392580e-01 -1.407095011900065251e-01 -1.132727455632642211e-01 -8.250870850328542727e-02 -4.838874024688335357e-02 -1.090330409219488449e-02
-3.120079708937313900e-01 -3.056404913837225124e-01 -2.994941657782284605e-01 -2.935559465448916994e-01 -2.878128203324527012e-01 -2.822535170643867830e-01 -2.768650986744368714e-01 -2.716389024306729016e-01 -2.665646572959329275e-01 -2.621748020051569705e-01 -2.499693249084987412e-01 -2.353574809917644561e-01 -2.180955035137162323e-01 -1.979781364177297109e-01 -1.748499423541294007e-01 -1.486052088515646963e-01 -1.191826965789790221e-01 -8.655622465638092289e-02 -5.071979045107433137e-02
-3.377213680410581786e-01 -3.316212008487064433e-01 -3.257324103973668894e-01 -3.200420139078986037e-01 -3.145385377334133925e-01 -3.092102511824026401e-01 -3.040470922974581880e-01 -2.990381449897149269e-01 -2.941747751801775390e-01 -2.899671375878778989e-01 -2.782679267771756004e-01 -2.642623971008956629e-01 -2.477154326607945989e-01 -2.284322651406302251e-01 -2.062641409513067958e-01 -1.811118127911869879e-01 -1.529177123082338385e-01 -1.216598784089677754e-01 -8.733493775156771222e-02
-3.612147894158908024e-01 -3.553579983928633057e-01 -3.497032345947082010e-01 -3.442391772212211598e-01 -3.389538639436148193e-01 -3.338369204219921449e-01 -3.288773907948939201e-01 -3.240669533711017514e-01 -3.193951115738414837e-01 -3.153534628309967447e-01 -3.041150862493363083e-01 -2.906605243265127370e-01 -2.747648838733357524e-01 -2.562401533244201834e-01 -2.349461806866563196e-01 -2.107867094596123647e-01 -1.837110055285230137e-01 -1.536986245887215774e-01 -1.207496187060025095e-01
