6.972217536064376220e-02 6.972348882087125999e-02 6.972639272214983808e-02 6.972874373379260582e-02 6.973119362850925540e-02 6.973258403287202478e-02 6.973577194949777402e-02 6.973704749968860639e-02 6.973887422963374882e-02 6.974038730166401412e-02 6.974480555413842264e-02 6.974874593989260907e-02 6.975472411763133929e-02 6.976012729380387523e-02 6.976572242202093432e-02 6.977199315346098440e-02 6.977701083911870550e-02 6.978273426759407094e-02 6.978787071318522106e-02
6.559294865861134416e-02 6.569217606995958469e-02 6.578728385169797799e-02 6.588148668809774844e-02 6.597303165632976973e-02 6.606048352009784297e-02 6.614848420776654747e-02 6.623235590953936713e-02 6.631540547058270563e-02 6.638913515471568660e-02 6.659078679299682002e-02 6.683268862432377444e-02 6.711877580863973014e-02 6.744433177398788393e-02 6.780368280851535590e-02 6.818266375042843219e-02 6.856021206162141168e-02 6.890812339256274788e-02 6.920615822572846743e-02
5.700805464440246439e-02 5.720167112450103009e-02 5.739388358679071989e-02 5.758226446807756388e-02 5.776843742748052207e-02 5.795243579286716434e-02 5.813258749484465082e-02 5.831129520858236576e-02 5.848675374467263849e-02 5.863998950844832858e-02 5.907712877711148586e-02 5.961621755262359185e-02 6.027311666494425402e-02 6.105723955524541141e-02 6.197421071770604917e-02 6.301199727847799081e-02 6.414029389496825329e-02 6.530471927317463288e-02 6.643896585066090543e-02
4.737715546379415305e-02 4.763475351932267010e-02 4.789139612152369663e-02 4.814459824192617726e-02 4.839520057354490534e-02 4.864280334859259758e-02 4.888877894268518765e-02 4.913060206466692004e-02 4.937060891079151498e-02 4.958153926862143152e-02 5.018503153955949925e-02 5.093915965835148912e-02 5.187128836691402151e-02 5.300793255283598598e-02 5.437622665031376090e-02 5.598266327248649366e-02 5.780434743650109813e-02 5.979062454958342793e-02 6.184768558189970844e-02
3.771846080932585860e-02 3.802112572823604375e-02 3.832175127407291132e-02 3.861966377082309138e-02 3.891533888292822430e-02 3.920887749525313326e-02 3.949940260247034735e-02 3.978772427385784266e-02 4.007442099592627149e-02 4.032541150074125252e-02 4.104847640000634096e-02 4.195927430546187581e-02 4.309493951416145524e-02 4.449677935816100799e-02 4.620102418527963217e-02 4.823489168448416575e-02 5.059905034545171543e-02 5.325941529499132049e-02 5.614697862784143872e-02
2.838076684960470428e-02 2.871355250209903232e-02 2.904395170002242732e-02 2.937187508401351704e-02 2.969820439411714752e-02 3.002172824281208047e-02 3.034340516675172392e-02 3.066299945986237369e-02 3.097992093813345740e-02 3.125999871744510050e-02 3.206660579521013188e-02 3.308631090052741031e-02 3.436620533188940868e-02 3.595898530219977796e-02 3.791622445779856826e-02 4.028302285407354966e-02 4.308345003368251741e-02 4.630574132109043645e-02 4.987725409475313176e-02
1.950907524295354342e-02 1.986082452991824038e-02 2.021201198040889838e-02 2.055950661492249310e-02 2.090552236718288756e-02 2.124991252539360290e-02 2.159240495401511251e-02 2.193245065346053485e-02 2.227157440568906452e-02 2.257069963208720165e-02 2.343333519648289204e-02 2.452827003680992796e-02 2.590891484579430776e-02 2.763675626388583870e-02 2.977661983728271608e-02 3.239048460710475946e-02 3.552274365302218045e-02 3.918735113220354199e-02 4.333602659564521342e-02
1.114725752947329750e-02 1.151157701966518294e-02 1.187408963720416009e-02 1.223523799898654577e-02 1.259412924790868221e-02 1.295191454402809875e-02 1.330775741467664190e-02 1.366239652491353651e-02 1.401380576341935101e-02 1.432570011546321041e-02 1.522609980227255036e-02 1.637108355136857388e-02 1.782126954379882264e-02 1.964343781219794055e-02 2.191286018352746334e-02 2.470583549328963721e-02 2.808817325046003566e-02 3.209508522655622059e-02 3.670754579562481024e-02
3.290168928616768983e-03 3.662084188458089324e-03 4.032324841493352754e-03 4.401955989896968145e-03 4.768614240272553602e-03 5.134027611757403624e-03 5.498336952767949107e-03 5.861112234294520336e-03 6.222489613560431079e-03 6.542240795177740875e-03 7.466974744446773678e-03 8.645348249389095061e-03 1.014045097097373248e-02 1.202663278537303981e-02 1.438685081657711112e-02 1.730764773160543835e-02 2.087308049432733126e-02 2.514140763660322950e-02 3.011988253955956776e-02
-3.291433171114957566e-03 -2.915316443973232138e-03 -2.541309111900097104e-03 -2.168114104978393231e-03 -1.796631493239956179e-03 -1.426475447793257734e-03 -1.058261146256605145e-03 -6.903585571672102295e-04 -3.241834490251294934e-04 0.000000000000000000e+00 9.383528227447120304e-04 2.136187448443526132e-03 3.657775470731860438e-03 5.581728186063641267e-03 7.997256924803098146e-03 1.099995958958807814e-02 1.468530026244951013e-02 1.913017010522899755e-02 2.436493100683418886e-02
-2.052387139289354318e-02 -2.014733591566092094e-02 -1.977162411992110583e-02 -1.939760522082277158e-02 -1.902448885855924365e-02 -1.865201689228209586e-02 -1.828037581655719834e-02 -1.791122087452674122e-02 -1.754214328275337936e-02 -1.721481537470339121e-02 -1.626687502479719563e-02 -1.505401441998806787e-02 -1.350727932509007863e-02 -1.154266241721002909e-02 -9.048276601232509153e-03 -5.920477910341680888e-03 -2.039768609917849695e-03 2.711136206912445785e-03 8.422004594760361049e-03
-3.940149442183191186e-02 -3.902870382788802689e-02 -3.865575574374582879e-02 -3.828415247850180947e-02 -3.791338772068018892e-02 -3.754319839935563174e-02 -3.717440966859103524e-02 -3.680643450885072443e-02 -3.643926317666588977e-02 -3.611276969175352541e-02 -3.516805406179768223e-02 -3.395626263402624218e-02 -3.240806948314540331e-02 -3.043520605258431821e-02 -2.793366600920041062e-02 -2.478135738298100493e-02 -2.084236003478173727e-02 -1.597175174420752478e-02 -1.003376289671820479e-02
-5.976482945241164135e-02 -5.940348939615684026e-02 -5.904272626666523527e-02 -5.868209685408263404e-02 -5.832256016667327486e-02 -5.796331198462033318e-02 -5.760475718779502902e-02 -5.724670830570029872e-02 -5.688926973428080902e-02 -5.657211610018386683e-02 -5.565047725998894385e-02 -5.446629243626329581e-02 -5.294842269444606508e-02 -5.100772144010154441e-02 -4.853635458963051486e-02 -4.540416840181588087e-02 -4.146276066480150679e-02 -3.654849812316596919e-02 -3.049815965867535075e-02
-8.107598418561064169e-02 -8.073927885559706308e-02 -8.040341176849080673e-02 -8.006741627331570577e-02 -7.973142946970708522e-02 -7.939609165177749506e-02 -7.906084661990717133e-02 -7.872587996261488918e-02 -7.839113151578452898e-02 -7.809376911082697992e-02 -7.722857029589065558e-02 -7.611400183488606364e-02 -7.468100782828371309e-02 -7.284000182260055856e-02 -7.048353660538123067e-02 -6.747493527459172413e-02 -6.365498648938017201e-02 -5.883948553666821374e-02 -5.283191231932447135e-02
-1.023873163342851056e-01 -1.020875313104471910e-01 -1.017887278254918093e-01 -1.014889897690157833e-01 -1.011901031954209468e-01 -1.008905665639678872e-01 -1.005917057104584178e-01 -1.002925336328190364e-01 -9.999348702063069749e-02 -9.972758882342100395e-02 -9.895336784118870244e-02 -9.795445229975334456e-02 -9.666598904409674786e-02 -9.500606151081018858e-02 -9.286973016991485752e-02 -9.012589679217775096e-02 -8.661143476196103697e-02 -8.212788470627280235e-02 -7.644838542404899795e-02
-1.227953028998636925e-01 -1.225351774408602185e-01 -1.222752319189037012e-01 -1.220158278535320301e-01 -1.217563744115278401e-01 -1.214967443506105166e-01 -1.212375181528142637e-01 -1.209780770291062069e-01 -1.207186860076994578e-01 -1.204881626587785137e-01 -1.198168268725312985e-01 -1.189500177798406555e-01 -1.178319598786311539e-01 -1.163902977336794958e-01 -1.145328595902732338e-01 -1.121423124356714512e-01 -1.090698818242814144e-01 -1.051202882848492198e-01 -1.000562170525063493e-01
-1.422644538378992629e-01 -1.420342843185158355e-01 -1.418047909321068500e-01 -1.415748969282205894e-01 -1.413456329381004295e-01 -1.411163730694850460e-01 -1.408872799022321820e-01 -1.406578666162027202e-01 -1.404289985174519695e-01 -1.402258447233347138e-01 -1.396327402153576536e-01 -1.388686066975546030e-01 -1.378845753893907233e-01 -1.366162849844252125e-01 -1.349855030753709662e-01 -1.328906978740490297e-01 -1.302041588661964622e-01 -1.267657693200759939e-01 -1.223729998683698444e-01
-1.613673562609127254e-01 -1.611569759419442527e-01 -1.609472506769056288e-01 -1.607376075098197188e-01 -1.605277803671494863e-01 -1.603179757897156277e-01 -1.601104620778368015e-01 -1.598990238497073613e-01 -1.596902993964950668e-01 -1.595044430024638304e-01 -1.589638590590354006e-01 -1.582670823551182160e-01 -1.573706688306716617e-01 -1.562180774916066273e-01 -1.547380730328834775e-01 -1.528412347792667825e-01 -1.504161212936154235e-01 -1.473257697364482310e-01 -1.434001701822715802e-01
-1.806939653531686174e-01 -1.804986349914946275e-01 -1.803039218267087351e-01 -1.801084164969459778e-01 -1.799138209126368571e-01 -1.797186823221550711e-01 -1.795241760700287126e-01 -1.793300283809945439e-01 -1.791356978220334517e-01 -1.789630858275684799e-01 -1.784603731038901242e-01 -1.778126622876876062e-01 -1.769783427342822291e-01 -1.759052499846161521e-01 -1.745268982539921743e-01 -1.727601601957050870e-01 -1.705021914037293806e-01 -1.676257361031235349e-01 -1.639805147709162136e-01
