-6.415578754694016388e-03 -6.421785926106736604e-03 -6.428148263092188508e-03 -6.434273131705261183e-03 -6.440476539954699542e-03 -6.447694892139444259e-03 -6.453253113036521924e-03 -6.459081662286052586e-03 -6.465306415864877781e-03 -6.471050984544641019e-03 -6.486611891933142561e-03 -6.507076526259351727e-03 -6.533680561906222116e-03 -6.566590388298889323e-03 -6.609629489201186182e-03 -6.663585263127845548e-03 -6.732290992242387362e-03 -6.818146194569513902e-03 -6.926464868136150872e-03
-5.680106738170773509e-03 -5.687191345925364169e-03 -5.694434981932941162e-03 -5.702349332103420071e-03 -5.709568946877943175e-03 -5.716803849581316224e-03 -5.724018825540876099e-03 -5.731405145354969560e-03 -5.738910543826351851e-03 -5.744985937439918422e-03 -5.763682507557384149e-03 -5.787237607396199073e-03 -5.817545716494249702e-03 -5.857111904440348051e-03 -5.907135565697031743e-03 -5.970758046863017428e-03 -6.051907129409022160e-03 -6.153097937205552481e-03 -6.279679700300026986e-03
-4.945966560435938533e-03 -4.953447172916248739e-03 -4.961964263545936074e-03 -4.970208705569428669e-03 -4.978446272869168319e-03 -4.985779075222635491e-03 -4.994240936799680848e-03 -5.003103537607907041e-03 -5.011043095017192646e-03 -5.017667344532761656e-03 -5.038821998043042927e-03 -5.066412010833841809e-03 -5.100968315322957844e-03 -5.146144766697439976e-03 -5.203191299925510015e-03 -5.276187201503016420e-03 -5.368467563265325905e-03 -5.483986558231354960e-03 -5.629473432339102308e-03
-4.209708167366323431e-03 -4.219806781361488957e-03 -4.228392634000562207e-03 -4.236958256422037987e-03 -4.246150400363068837e-03 -4.255557562749756606e-03 -4.264492452342355348e-03 -4.274954357591747960e-03 -4.282985837853595101e-03 -4.291347017125950007e-03 -4.315194592559189711e-03 -4.345286867959023518e-03 -4.384159056399497371e-03 -4.433329074715296192e-03 -4.497950422119037332e-03 -4.579454852993033141e-03 -4.681944492378541101e-03 -4.811997866412402042e-03 -4.975832862529978341e-03
-3.473526535428055409e-03 -3.483665135485354645e-03 -3.493788627716186163e-03 -3.503897147127878198e-03 -3.513990711634050988e-03 -3.524069279112176413e-03 -3.534132925270901289e-03 -3.544181530337807504e-03 -3.554215326633681799e-03 -3.563121617020231172e-03 -3.589726863540368233e-03 -3.623025703385448180e-03 -3.665785218274074993e-03 -3.720712425871067729e-03 -3.790818025136447663e-03 -3.880292814753315191e-03 -3.993288691844881083e-03 -4.137164585845455080e-03 -4.317253263086068618e-03
-2.738841027347064389e-03 -2.749090505766539367e-03 -2.760430011730664532e-03 -2.771540820375482678e-03 -2.782768579619563851e-03 -2.793822729484244771e-03 -2.804566724888247174e-03 -2.815489404974715667e-03 -2.826414490764362058e-03 -2.836057738920599956e-03 -2.864189571232097272e-03 -2.900390334293475366e-03 -2.946830552894451252e-03 -3.006386370181472496e-03 -3.082598087131758167e-03 -3.179783749663542443e-03 -3.302796012600083073e-03 -3.460066366389180203e-03 -3.656238739798359314e-03
-2.002259752380897324e-03 -2.014408140715578596e-03 -2.026211897666393893e-03 -2.038553903881321159e-03 -2.049411330748994713e-03 -2.061153017213897005e-03 -2.073020225553453156e-03 -2.084594572008983092e-03 -2.096297546288438101e-03 -2.106693553270749288e-03 -2.136926135763542265e-03 -2.176346188163416281e-03 -2.225889557481349704e-03 -2.289738938114314025e-03 -2.372492194919818918e-03 -2.477531829427791037e-03 -2.610647249727829355e-03 -2.779630611991274012e-03 -2.991944910794465742e-03
-1.266847479483535757e-03 -1.279436497310826098e-03 -1.291662825581003362e-03 -1.305722988078436174e-03 -1.317278219716514365e-03 -1.329807260371322717e-03 -1.342320445869752939e-03 -1.354817786266630710e-03 -1.367291517670622160e-03 -1.378380763941022434e-03 -1.409842686224237933e-03 -1.452334425704586169e-03 -1.505216602430807906e-03 -1.573609203138655321e-03 -1.661244740753480779e-03 -1.773146438984122240e-03 -1.915380876762666539e-03 -2.096594075461435513e-03 -2.324190172392563616e-03
-5.312328775494783682e-04 -5.441513977544064394e-04 -5.574513429789807600e-04 -5.707360442618371072e-04 -5.840746173343894102e-04 -5.975157055605118854e-04 -6.105964481017096346e-04 -6.238409796665653900e-04 -6.363904587539782973e-04 -6.482647725492902318e-04 -6.829108198762013325e-04 -7.268447842863739452e-04 -7.834363215777979039e-04 -8.562520521294200845e-04 -9.492628603462887650e-04 -1.067289392716979507e-03 -1.218542961499769752e-03 -1.411354824520251417e-03 -1.653944512844188414e-03
1.233908433573619693e-04 1.094229125548201042e-04 9.547090590586310697e-05 8.153485232731539744e-05 6.781976697492193666e-05 5.385738629600314315e-05 4.002219417797148984e-05 2.614996209811925787e-05 1.275049522946561030e-05 0.000000000000000000e+00 -3.580437551360158926e-05 -8.193153632299389499e-05 -1.407819890284382281e-04 -2.172449705162229515e-04 -3.149006357880686333e-04 -4.397814094137190012e-04 -5.984656991223300795e-04 -7.999491412369252527e-04 -1.054744717294411405e-03
2.032154965305155679e-03 2.016126304437288342e-03 2.000453008614741859e-03 1.984784387944381334e-03 1.969189408811388917e-03 1.953374496032813691e-03 1.937924425658434438e-03 1.922347314512361498e-03 1.906785946829051394e-03 1.892966991739055511e-03 1.852843822055420982e-03 1.801547896187403715e-03 1.734833895422801956e-03 1.648593607147052749e-03 1.539947506811878333e-03 1.398659163221377183e-03 1.218862031507051769e-03 9.903336930661998418e-04 7.009617779996359056e-04
4.498224137191110354e-03 4.480561104375589861e-03 4.463030059473007023e-03 4.445453999056154029e-03 4.428475279157064945e-03 4.410876414947080375e-03 4.392790431466581796e-03 4.375088661671300283e-03 4.357726245658759094e-03 4.342001716351153590e-03 4.297050912284004591e-03 4.239250642711901891e-03 4.163543991587997060e-03 4.067708923640453791e-03 3.943741217445602062e-03 3.784445225806849344e-03 3.581527752535374007e-03 3.322770254182159325e-03 2.993891817052674043e-03
7.685721757005840350e-03 7.666036279430880548e-03 7.646343775393354449e-03 7.627082625603407058e-03 7.607458659209325250e-03 7.587827627493861672e-03 7.568245878628697063e-03 7.548666965148939818e-03 7.528373406017029555e-03 7.511486952312546907e-03 7.460403169320662525e-03 7.394715073020538890e-03 7.311191893223658970e-03 7.201706051802840222e-03 7.063131652753798333e-03 6.883968075195149444e-03 6.654552409020566758e-03 6.361856881249847336e-03 5.988935906572293716e-03
1.180639831019652912e-02 1.178443319429581075e-02 1.176295121981408599e-02 1.174041211851789210e-02 1.171843628041915886e-02 1.169666387152013334e-02 1.167484711119264398e-02 1.165343581488547699e-02 1.163126041639413188e-02 1.161168433576989859e-02 1.155477696345685347e-02 1.148179443075178670e-02 1.138796672693826416e-02 1.126684947884098315e-02 1.111078793918120027e-02 1.091107962528618976e-02 1.065276714863423908e-02 1.032491455545929762e-02 9.903449634518578237e-03
1.713476498132385228e-02 1.711032663751336363e-02 1.708570579141438159e-02 1.706167278485240871e-02 1.703762317056744385e-02 1.701357313460362397e-02 1.698927084111831118e-02 1.696512490056408320e-02 1.694090118758717969e-02 1.691948648384207846e-02 1.685668328189126458e-02 1.677652390664912882e-02 1.667234033994022604e-02 1.653783758909932455e-02 1.636525336727363139e-02 1.614299399600843676e-02 1.585724487801246779e-02 1.549108230259279607e-02 1.502149409805388254e-02
2.402563334282359700e-02 2.399923153623560734e-02 2.397366803212741537e-02 2.394693827275734890e-02 2.392045815836705766e-02 2.389362886727685112e-02 2.386769233362773940e-02 2.384101252120853984e-02 2.381459967357067720e-02 2.379129545905983231e-02 2.372303629254373519e-02 2.363420592109679447e-02 2.352023096643760317e-02 2.337352091817655741e-02 2.318497403538360979e-02 2.294087813355551522e-02 2.262713549239575225e-02 2.222349051705345413e-02 2.170605981203563295e-02
3.293887098107001199e-02 3.291088618330308829e-02 3.288249036240346174e-02 3.285295842327296684e-02 3.282511232520175098e-02 3.279661874034343894e-02 3.276809830606665364e-02 3.273949177668950689e-02 3.271088375800550868e-02 3.268561323627505733e-02 3.261200559721719183e-02 3.251663430974351815e-02 3.239406866317681710e-02 3.223550268522341888e-02 3.203140687779509888e-02 3.176733444396181300e-02 3.142766391892528460e-02 3.099024256297408519e-02 3.042754878649834779e-02
4.446309626922204800e-02 4.443214747459091341e-02 4.440179465898693584e-02 4.437106719024652701e-02 4.434144862654125496e-02 4.431085891815068900e-02 4.428100099922122751e-02 4.425043302172208814e-02 4.421998542848874780e-02 4.419320940183240481e-02 4.411450434738859588e-02 4.401320610360654612e-02 4.388243151417380722e-02 4.371380024689056065e-02 4.349578016699393729e-02 4.321496773002150849e-02 4.285271681660837023e-02 4.238552706751622101e-02 4.178434783420453824e-02
5.933694459003486382e-02 5.930509547749104188e-02 5.927327136602813379e-02 5.924160496242308893e-02 5.920971837529515752e-02 5.917863562731617844e-02 5.914624313790507737e-02 5.911445661452443406e-02 5.908302753519639738e-02 5.905500802274638028e-02 5.897229138291007478e-02 5.886588944570601140e-02 5.873010966094568269e-02 5.855188227425205810e-02 5.832345379903888793e-02 5.802812927959936917e-02 5.764783857372465098e-02 5.715686869457550084e-02 5.652345743797893701e-02
