9.627300822253058868e+03 5.199164864250804818e-01 3.271338326076238534e-01 2.280025824560671377e-01 1.628623244589549046e-01 1.150392664120581943e-01 7.760683521454353473e-02 4.705167844074421152e-02 2.136141634037687018e-02 1.582877769352424111e-03 -4.471271946083386212e-02 -8.867691596028946799e-02 -1.304507381399045429e-01 -1.701652563008003438e-01 -2.079405775656612554e-01 -2.438882173996996527e-01 -2.781113888809833012e-01 -3.107045069154299455e-01 -3.417546686310890536e-01
8.382066804576326913e-01 4.891998227826874768e-01 3.215560378518994566e-01 2.264124258337184281e-01 1.622991958067021845e-01 1.148210155786401759e-01 7.752238036597085269e-02 4.702696280827659697e-02 2.136449066312302858e-02 1.599681663320675880e-03 -4.468208250488380634e-02 -8.864325725068590567e-02 -1.304178013740809605e-01 -1.701334689534439448e-01 -2.079104074389666601e-01 -2.438600432154600373e-01 -2.780830609956190802e-01 -3.106772685826377778e-01 -3.417290611016457480e-01
6.984469734333165203e-01 4.621594129086368796e-01 3.132780529430820304e-01 2.232320718622423372e-01 1.608867332737329847e-01 1.141294453325323588e-01 7.716457139645711838e-02 4.683686807135643143e-02 2.126457728870796010e-02 1.545682520957856977e-03 -4.467686056829064944e-02 -8.861796973157178015e-02 -1.303870468492083767e-01 -1.701022742674001276e-01 -2.078801507411063287e-01 -2.438302080684622564e-01 -2.780555341831417726e-01 -3.106507036867092175e-01 -3.417035700216275451e-01
6.231734769125856221e-01 4.407079912584811465e-01 3.052792574683991234e-01 2.196636514792554562e-01 1.591183204604808832e-01 1.131810228758518694e-01 7.662848652738711575e-02 4.652249815986081449e-02 2.107734692393063020e-02 1.427482867427295674e-03 -4.469996981276208592e-02 -8.860333531287836739e-02 -1.303599210070644776e-01 -1.700723703811357901e-01 -2.078500955752689561e-01 -2.438019176539447941e-01 -2.780273594843903906e-01 -3.106237679056082501e-01 -3.416781546506199585e-01
5.723223774733650071e-01 4.227193166533198543e-01 2.978733542046482774e-01 2.160426177149775695e-01 1.571917753262092599e-01 1.120905411254488337e-01 7.597948184713153308e-02 4.612309237179599425e-02 2.082583228908213568e-02 1.259880102631033560e-03 -4.474749997940439400e-02 -8.859999256120752731e-02 -1.303380841685076175e-01 -1.700436566171643071e-01 -2.078205340435733128e-01 -2.437722523604262392e-01 -2.779995867220350636e-01 -3.105972418701559712e-01 -3.416530033267108912e-01
5.342386984905325154e-01 4.071225112550281300e-01 2.910397569876694845e-01 2.124867889393203813e-01 1.552005606648145519e-01 1.109141372456109720e-01 7.525431279153475816e-02 4.566191621434069481e-02 2.052600999312488919e-02 1.052953502897812721e-03 -4.481641748129692321e-02 -8.860636042432402937e-02 -1.303193420201614605e-01 -1.700175719864232271e-01 -2.077922706941955355e-01 -2.437435659167991042e-01 -2.779716812772788925e-01 -3.105708744071400407e-01 -3.416269606905483203e-01
5.039591190798310416e-01 3.933117937931565611e-01 2.847040344491028607e-01 2.090417321356383973e-01 1.531934307376247861e-01 1.096886858915522706e-01 7.447726753121784726e-02 4.515566979577847334e-02 2.018819147106673886e-02 8.147918178883751215e-04 -4.490332780592385525e-02 -8.862175678055027317e-02 -1.303043860154894096e-01 -1.699910383625677923e-01 -2.077634795604220153e-01 -2.437151040159402926e-01 -2.779442291093598971e-01 -3.105440926939147528e-01 -3.416011154205215172e-01
4.789239049230875067e-01 3.809047791257208493e-01 2.787947843282144178e-01 2.057217801708790261e-01 1.511971709746587345e-01 1.084368011116058766e-01 7.366695709619054677e-02 4.461470773251322713e-02 1.982135261260863091e-02 5.510448368004786188e-04 -4.500562165401237463e-02 -8.864681754504799560e-02 -1.302937123877299375e-01 -1.699682619520313243e-01 -2.077349488797052279e-01 -2.436874185532654780e-01 -2.779164751688272816e-01 -3.105171122953959695e-01 -3.415758386048347028e-01
4.576434234903459242e-01 3.696342849393290941e-01 2.732509506108681818e-01 2.025276710976142980e-01 1.492282244207379371e-01 1.071745663249864811e-01 7.283277327846951477e-02 4.405040575203271469e-02 1.943082030008000741e-02 2.671462893765550058e-04 -4.512098393979360050e-02 -8.867773565450383366e-02 -1.302874794315841966e-01 -1.699448165301006564e-01 -2.077077489638776697e-01 -2.436584385321789170e-01 -2.778897213312325198e-01 -3.104907554418207538e-01 -3.415504594965661500e-01
4.411121493317965991e-01 3.604148719434732140e-01 2.685894926449063358e-01 1.997916946075239397e-01 1.475058493112480773e-01 1.060499656857189221e-01 7.207788894720917883e-02 4.353207630784889509e-02 1.906817865143590682e-02 0.000000000000000000e+00 -4.523348896025460725e-02 -8.871078966891007833e-02 -1.302835765469425311e-01 -1.699273557875522755e-01 -2.076841301052953226e-01 -2.436335607391344471e-01 -2.778648798702784695e-01 -3.104673493508674498e-01 -3.415277486611065783e-01
4.018955886747191397e-01 3.369182624847947283e-01 2.561785278397310517e-01 1.923163802596742356e-01 1.426700499391314603e-01 1.028057246858627566e-01 6.984542172933698445e-02 4.196586518050119535e-02 1.795162725333246043e-02 -8.368679947963655451e-04 -4.560458672736070890e-02 -8.883519261361673414e-02 -1.302882855819929575e-01 -1.698794342068883634e-01 -2.076178839396253528e-01 -2.435629564678766235e-01 -2.777936244902568519e-01 -3.103989523862433764e-01 -3.414615725785529743e-01
3.639489669285818629e-01 3.120404791142427081e-01 2.421642568808404783e-01 1.835982796053919341e-01 1.368340204793733750e-01 9.875452267361733982e-02 6.696949297306918625e-02 3.988837200297603441e-02 1.642957162379819411e-02 -2.000773940291819195e-03 -4.615573639440914006e-02 -8.904241770064315331e-02 -1.303218166226323138e-01 -1.698318610529792327e-01 -2.075382771902165857e-01 -2.434730890152773386e-01 -2.777026485172325865e-01 -3.103099033844127219e-01 -3.413764082072461292e-01
3.272225646423651546e-01 2.860479206968400967e-01 2.265094279134075572e-01 1.735574241058637224e-01 1.299238345524161009e-01 9.381056696275265339e-02 6.335375372346455092e-02 3.720369181482145043e-02 1.441270082696859828e-02 -3.576494652993408418e-03 -4.694691054727460899e-02 -8.936961088691774968e-02 -1.303993971948384789e-01 -1.697906136179506975e-01 -2.074440989368332711e-01 -2.433601830003536137e-01 -2.775868727431535232e-01 -3.101961347876198705e-01 -3.412664231724016339e-01
2.916753228949568455e-01 2.592233732115092337e-01 2.092361843812349520e-01 1.621154485677667456e-01 1.218634813798535332e-01 8.789752240393267080e-02 5.891591894121887829e-02 3.382380705377640434e-02 1.181191325062111268e-02 -5.651748345993503654e-03 -4.804690756134775975e-02 -8.986245971697620627e-02 -1.305481277516633010e-01 -1.697630919065770128e-01 -2.073373259671711377e-01 -2.432218669564995550e-01 -2.774406102940967234e-01 -3.100501113694426603e-01 -3.411249410974401264e-01
2.572734709522553898e-01 2.318435936615959869e-01 1.904339048470084228e-01 1.492107088436413209e-01 1.125799760053495246e-01 8.094841531172967952e-02 5.358283664944774732e-02 2.966959887263497311e-02 8.543598540842375563e-03 -8.308206596579648801e-03 -4.953151512321382621e-02 -9.057336661934152489e-02 -1.307979287548884928e-01 -1.697646282693544562e-01 -2.072184756931957916e-01 -2.430524074068713125e-01 -2.772543037024854939e-01 -3.098634145652038874e-01 -3.409429230382909903e-01
2.239916909286727431e-01 2.041690151622439775e-01 1.702658082387367156e-01 1.348184088827936722e-01 1.020036272324891247e-01 7.289490059032255331e-02 4.729098245570981934e-02 2.467355218556799637e-02 4.535737186526424269e-03 -1.162409904494967304e-02 -5.147695925122833249e-02 -9.156354783072277737e-02 -1.311884995926088093e-01 -1.698133950282917914e-01 -2.070928622766970428e-01 -2.428485075463023835e-01 -2.770214767580695958e-01 -3.096255375469602611e-01 -3.407089304478200242e-01
1.918092944101248698e-01 1.764352872376843406e-01 1.489526718442071851e-01 1.189735030574086833e-01 9.007903510509474021e-02 6.367186618401603215e-02 3.998105836570688132e-02 1.877785560053264746e-02 -2.743440335287359276e-04 -1.566388229588600370e-02 -5.395283007300400585e-02 -9.289917278254569699e-02 -1.317642533345600442e-01 -1.699339404935241715e-01 -2.069676280262689738e-01 -2.426053437733778073e-01 -2.767312308025584033e-01 -3.093223525197554280e-01 -3.404092220834511462e-01
1.607164349313410512e-01 1.488501558811460290e-01 1.267527797018490610e-01 1.017811514571709819e-01 7.678972966914003606e-02 5.322298817791561165e-02 3.159352924199915896e-02 1.192843613544682622e-02 -5.937134184429853495e-03 -2.048017628803316600e-02 -5.702205465125118056e-02 -9.464018714290024781e-02 -1.325759556972991027e-01 -1.701550372183370519e-01 -2.068527592037013862e-01 -2.423201745475019320e-01 -2.763716874108413379e-01 -3.089388681661007219e-01 -3.400256079531921438e-01
1.307110784267104253e-01 1.215979206900998921e-01 1.039461836212161455e-01 8.341762395882648673e-02 6.217654449785681159e-02 4.151581643832168850e-02 2.207655979623736678e-02 4.074765434712930741e-03 -1.249977912408147158e-02 -2.611750305075413725e-02 -6.073075356758163290e-02 -9.684235361756375615e-02 -1.336708588151931110e-01 -1.705096339733845889e-01 -2.067615757983282676e-01 -2.419894096900155334e-01 -2.759297147428294017e-01 -3.084553011208402418e-01 -3.395363704155761608e-01
