-8.815872130695295503e-03 -8.191449534059617663e-03 -7.567680385855547406e-03 -6.944052656413755853e-03 -6.322284618908445390e-03 -5.699596880760138783e-03 -5.080038767182015226e-03 -4.459738255938152166e-03 -3.840756988347535181e-03 -3.291433171114957566e-03 -1.692914946736517531e-03 3.626110633947664751e-04 2.998072971990403592e-03 6.372048863474110737e-03 1.067400832844128677e-02 1.613020583217660703e-02 2.299351928902992198e-02 3.152635866835554884e-02 4.194721131015205495e-02
-8.459417997416077140e-03 -7.831599956117516609e-03 -7.206414219124115950e-03 -6.581409152734061380e-03 -5.956947265323884154e-03 -5.333207772501742661e-03 -4.710122525776922614e-03 -4.088247754941343529e-03 -3.466334847988181145e-03 -2.915316443973232138e-03 -1.311610061057647166e-03 7.501969641436367388e-04 3.396129011781531381e-03 6.782456122149253461e-03 1.109993045728921955e-02 1.657630789446806058e-02 2.346763471425971845e-02 3.203624721682450660e-02 4.250089537911153070e-02
-8.102356986255209240e-03 -7.473657670254246072e-03 -6.846128180517101203e-03 -6.218958060930222798e-03 -5.592715988749795419e-03 -4.966795324072463720e-03 -4.341842663080206464e-03 -3.717765420955665770e-03 -3.093983297388763157e-03 -2.541309111900097104e-03 -9.323379862843075763e-04 1.137026952535294530e-03 3.791841068866333431e-03 7.190282638558323502e-03 1.152394555353344723e-02 1.702149902279006741e-02 2.394026028205461024e-02 3.254378061025226671e-02 4.305443379601400777e-02
-7.748374625633358201e-03 -7.117727194553175561e-03 -6.486907759145589362e-03 -5.858456225421034870e-03 -5.230204114932849278e-03 -4.601930637629566938e-03 -3.974923164023115400e-03 -3.349448540481887206e-03 -2.723527476644720547e-03 -2.168114104978393231e-03 -5.534429083578181266e-04 1.523005758801919537e-03 4.186448475109415084e-03 7.597318700001019429e-03 1.194776153722114202e-02 1.746514301610808950e-02 2.441047399757984709e-02 3.305097781326708783e-02 4.360739861317707022e-02
-7.393753461881959199e-03 -6.762137685193786787e-03 -6.129845242307137981e-03 -5.498921680809594828e-03 -4.868408227451176233e-03 -4.237982010135570715e-03 -3.609360947027663146e-03 -2.981299405636596983e-03 -2.353641664414643595e-03 -1.796631493239956179e-03 -1.762178899275240577e-04 1.907014681116888863e-03 4.579975412141190985e-03 8.002983406044781103e-03 1.236887803667735021e-02 1.790752832469761496e-02 2.488082186777754168e-02 3.355612511184722507e-02 4.415832545658212455e-02
-7.043058052673882227e-03 -6.408272711723603243e-03 -5.774530905953363484e-03 -5.140857754024674708e-03 -4.508198005871179997e-03 -3.876568895554022374e-03 -3.244580790911083534e-03 -2.614785821885454338e-03 -1.985349765731892792e-03 -1.426475447793257734e-03 1.989078902055742791e-04 2.289212255013366431e-03 4.972233955741292913e-03 8.407777282333521104e-03 1.278890852061862968e-02 1.834930650547764164e-02 2.534936300152453373e-02 3.406013373961751245e-02 4.470853135201079132e-02
-6.692214186365005174e-03 -6.055926952775137970e-03 -5.419880179666413875e-03 -4.784326028615243191e-03 -4.149863044381699000e-03 -3.515985985169637392e-03 -2.882406588533515442e-03 -2.250189827702349897e-03 -1.618334587329955639e-03 -1.058261146256605145e-03 5.734980503847748878e-04 2.671477007802866219e-03 5.362898582063850735e-03 8.810331866095682390e-03 1.320811999791738495e-02 1.878915418762992090e-02 2.581615471781337559e-02 3.456373234999567806e-02 4.525654020679632794e-02
-6.343587311765018673e-03 -5.704568529837700762e-03 -5.066264395455448780e-03 -4.429316339528285677e-03 -3.793095648015435816e-03 -3.155944379694782063e-03 -2.520492645126875143e-03 -1.886917554048626964e-03 -1.252770607328888624e-03 -6.903585571672102295e-04 9.464416595959239007e-04 3.050851163761041877e-03 5.752298296238733503e-03 9.211247304084463003e-03 1.362527483416575355e-02 1.922827187746750308e-02 2.628311300838942141e-02 3.506527698409673405e-02 4.580418343770110284e-02
-5.996006988644542873e-03 -5.355620475516941967e-03 -4.714971747412480090e-03 -4.075774725456553227e-03 -3.436874538515924480e-03 -2.798929243663588785e-03 -2.159886558415076516e-03 -1.524483132755034701e-03 -8.886720576640583886e-04 -3.241834490251294934e-04 1.318408185762055124e-03 3.429556181207187113e-03 6.140290576871226640e-03 9.611928281143619288e-03 1.404177684884803240e-02 1.966590719793465808e-02 2.674743125287830717e-02 3.556506867880299128e-02 4.634997216267119913e-02
-5.688089451635468946e-03 -5.045707915637200579e-03 -4.403597742526458268e-03 -3.762647964629194704e-03 -3.120431953677742145e-03 -2.481741452087394845e-03 -1.841831518336167111e-03 -1.204123915956848432e-03 -5.656716484052395607e-04 0.000000000000000000e+00 1.646280862506891178e-03 3.764838544162775989e-03 6.483909217264468942e-03 9.966424811824567409e-03 1.441085916089532640e-02 2.005203853869484340e-02 2.715879130286706633e-02 3.600815294092149510e-02 4.683416029787516172e-02
-4.797547891507737521e-03 -4.149846117982166141e-03 -3.502880468737574245e-03 -2.855876359019309321e-03 -2.209676920640290827e-03 -1.564237881462899422e-03 -9.204860373664601686e-04 -2.752742695495190382e-04 3.678859641578979757e-04 9.383528227447120304e-04 2.599513884966095107e-03 4.736317926657354453e-03 7.479649480590042261e-03 1.099441611162075942e-02 1.547942414058501442e-02 2.117503272319051083e-02 2.835325873201356359e-02 3.729531678391122956e-02 4.823987665130952812e-02
-3.661631470038536566e-03 -3.007207758889719751e-03 -2.352758241221021389e-03 -1.699019976255287511e-03 -1.046093172350816888e-03 -3.935273554552038604e-04 2.578345723593872328e-04 9.079404437047954371e-04 1.559059821678475486e-03 2.136187448443526132e-03 3.815188295997841861e-03 5.975481252069826318e-03 8.750507898062014761e-03 1.230493963883139141e-02 1.684415186073565454e-02 2.261045018510644475e-02 2.988084993318058241e-02 3.894336475633222716e-02 5.004112421242885855e-02
-2.219078507536173875e-03 -1.554969733139298631e-03 -8.927433847149128000e-04 -2.304432037595981046e-04 4.321015322943024960e-04 1.092784224678716460e-03 1.753296541085863289e-03 2.413323160775886732e-03 3.072293796801039891e-03 3.657775470731860438e-03 5.361145042746567023e-03 7.551838506099499936e-03 1.036683173198943778e-02 1.397441609759009044e-02 1.858354759229916692e-02 2.444009991053298914e-02 3.182901746932532971e-02 4.104565044903150245e-02 5.234283804012074270e-02
-3.969774003914654432e-04 2.778255182438824772e-04 9.521410639193007234e-04 1.625884317076473767e-03 2.299613661244542893e-03 2.971776907568600759e-03 3.644459975004602729e-03 4.315453080781373255e-03 4.986629825382458796e-03 5.581728186063641267e-03 7.315419801267583622e-03 9.546512736128545326e-03 1.241324112029279329e-02 1.608918627006518040e-02 2.078734471198792622e-02 2.676107517627311291e-02 3.430325804433218689e-02 4.371925239471811941e-02 5.527272091260977682e-02
1.887602953203297920e-03 2.576180098255954551e-03 3.265668899991602293e-03 3.954472557904769800e-03 4.642073519109133316e-03 5.329090299270016623e-03 6.015786708126482328e-03 6.702553806718210445e-03 7.387879514667160426e-03 7.997256924803098146e-03 9.769940698398447976e-03 1.205172348456697885e-02 1.498522326250147953e-02 1.874845714988960035e-02 2.356089335710263508e-02 2.968582015392430898e-02 3.742539654472167715e-02 4.709840936854683968e-02 5.898316070967218883e-02
4.722443953421377218e-03 5.430253541121024194e-03 6.137368098275221111e-03 6.844786489065017923e-03 7.551394514840725943e-03 8.257813304821063488e-03 8.963084268709025151e-03 9.669164917369483386e-03 1.037373952569672214e-02 1.099995958958807814e-02 1.282256897637942469e-02 1.516986019669436594e-02 1.818924039578057733e-02 2.206417164300510450e-02 2.702344568727337026e-02 3.334132329260949129e-02 4.133396936159638990e-02 5.133702892515348143e-02 6.364742311914139972e-02
8.194756642661053803e-03 8.926138245031469201e-03 9.657069264102233902e-03 1.038753362395486435e-02 1.111914451608055944e-02 1.184894454259511655e-02 1.257881346409172284e-02 1.330842310540748114e-02 1.403743521801417878e-02 1.468530026244951013e-02 1.657108378208944216e-02 1.900177171436778778e-02 2.212925003107509350e-02 2.614726521565438611e-02 3.129317826226911403e-02 3.785717937260829613e-02 4.617260470002167855e-02 5.659741272764170356e-02 6.945278410789705592e-02
1.237183643630884559e-02 1.313284913152171045e-02 1.389345555084471259e-02 1.465410839987388129e-02 1.541474595102472651e-02 1.617508551191431179e-02 1.693518736031485519e-02 1.769520589817709724e-02 1.845458606039073607e-02 1.913017010522899755e-02 2.109549839603134386e-02 2.363105259715130718e-02 2.689485104232927984e-02 3.109162037186460545e-02 3.647401474302290614e-02 4.334791524495713172e-02 5.207196646685936098e-02 6.303166802885837305e-02 7.658095391213533276e-02
1.727729996713767840e-02 1.807429968115375346e-02 1.887167506275675560e-02 1.966976020075769660e-02 2.046680676899077789e-02 2.126417497625122596e-02 2.206139307232269503e-02 2.285898519503553120e-02 2.365643657398369681e-02 2.436493100683418886e-02 2.643041280864750348e-02 2.909394476547434022e-02 3.252786635684599970e-02 3.694750555173617612e-02 4.262233066600439046e-02 4.988276974614233583e-02 5.911594186534270545e-02 7.074587845032188904e-02 8.518112273451060312e-02
