1.476991046037084421e-01 1.408471016011328958e-01 1.243503680387024468e-01 1.047105648320704047e-01 8.455010205048224536e-02 6.496922459474585576e-02 4.644234588886828052e-02 2.917223473576624829e-02 1.318690359624928934e-02 6.486296764362655570e-11 -3.365775722488417721e-02 -6.882400203985801490e-02 -1.037236412352227771e-01 -1.364995713126810339e-01 -1.668900718330122157e-01 -1.957531392332197417e-01 -2.224250219341542822e-01 -2.452070071583356270e-01 -2.640251759199432335e-01
1.476990975181825816e-01 1.408471015943325022e-01 1.243503680864723737e-01 1.047105648654302473e-01 8.455009598160330431e-02 6.496922462155825528e-02 4.644230118210736918e-02 2.917223468240716377e-02 1.318690297835594695e-02 -8.448124200827044413e-11 -3.365775740646069492e-02 -6.882400208590974677e-02 -1.037236402911705241e-01 -1.364995664342404658e-01 -1.668900718102491187e-01 -1.957531394085208765e-01 -2.224250219043658050e-01 -2.452073038611018718e-01 -2.640251759000681320e-01
1.476990756479313882e-01 1.408471016459901526e-01 1.243503681168433156e-01 1.047105648977086495e-01 8.455010210188552977e-02 6.496922464820321930e-02 4.644233370642240205e-02 2.917223453762952251e-02 1.318628253570201282e-02 -1.465700532478426105e-10 -3.365775783553001665e-02 -6.882400201113997307e-02 -1.037236386758949441e-01 -1.364995747706803375e-01 -1.668900717858649019e-01 -1.957531397592986999e-01 -2.224250218812290347e-01 -2.452070069279324305e-01 -2.640251758787093839e-01
1.476997443910176566e-01 1.408471016888683536e-01 1.243503681302172564e-01 1.047105649307506214e-01 8.455009602997522189e-02 6.496922467206857343e-02 4.644233306822912605e-02 2.917223436605950737e-02 1.318628282042966574e-02 3.846814036603923716e-11 -3.365775836591559933e-02 -6.882400202553549950e-02 -1.037236371293586701e-01 -1.364995536191112024e-01 -1.668900717647623932e-01 -1.957531400439749825e-01 -2.224250218553273095e-01 -2.452073039223148232e-01 -2.640251758585613340e-01
1.476990931110888361e-01 1.408471017024896244e-01 1.243503681644652220e-01 1.047105649622379758e-01 8.455010214861305440e-02 6.496922469765797903e-02 4.644230156979810287e-02 2.917223421556875210e-02 1.318690143737101007e-02 2.681840227719171993e-10 -3.365775892737561670e-02 -6.882400203992940224e-02 -1.037236355502472313e-01 -1.364995739766632632e-01 -1.668900717408276779e-01 -1.957531405716544382e-01 -2.224250218295329429e-01 -2.452070078915477569e-01 -2.640251758364587920e-01
1.476990915139993754e-01 1.408471017330577002e-01 1.243503681765516788e-01 1.047105649914755049e-01 8.455009608206623395e-02 6.496922472388173830e-02 4.644234734041473300e-02 2.917223405926296434e-02 1.318690126083202005e-02 7.259841330881329936e-12 -3.365775948451272398e-02 -6.882400197354721083e-02 -1.037236342177312726e-01 -1.364995656569854832e-01 -1.668900717173664450e-01 -1.957531409472807737e-01 -2.224250218013943403e-01 -2.452073039362593077e-01 -2.640251758182494135e-01
1.476997366798170896e-01 1.408471017500554923e-01 1.243503682348771067e-01 1.047105650236944685e-01 8.455010219609380984e-02 6.496922474874965159e-02 4.644233316223236180e-02 2.917223392294833115e-02 1.318690273718592723e-02 2.031121693811233528e-10 -3.365776002040617859e-02 -6.882400190113704963e-02 -1.037236330512814192e-01 -1.364995805960167174e-01 -1.668900716963536146e-01 -1.957531413263598752e-01 -2.224250217762298865e-01 -2.452073038948469341e-01 -2.640251757982829406e-01
1.476990830544809008e-01 1.408471017766877165e-01 1.243503682505716357e-01 1.047105650556974660e-01 8.455010222033709777e-02 6.496922477292135789e-02 4.644233297742186156e-02 2.917223380845730338e-02 1.318628262826953938e-02 -5.190558051198448002e-11 -3.365776052617863029e-02 -6.882400190384650729e-02 -1.037236320649025934e-01 -1.364995664582100421e-01 -1.668900716732785172e-01 -1.957531416109936917e-01 -2.224250217516738626e-01 -2.452073038266281424e-01 -2.640251757789798814e-01
1.476991061437415709e-01 1.408471017543094506e-01 1.243503682787218817e-01 1.047105650864341986e-01 8.455010224231437888e-02 6.496922479837649589e-02 4.644233387749780589e-02 2.917223370056346715e-02 1.318628268291247366e-02 3.283303785542879289e-10 -3.365776099643463803e-02 -6.882400187535088476e-02 -1.037236311103118119e-01 -1.364995771679681502e-01 -1.668900716489725433e-01 -1.957531419428869546e-01 -2.224250217272564778e-01 -2.452070082733369127e-01 -2.640251757599533233e-01
1.476996643013590571e-01 1.408471018179567325e-01 1.243503683029738571e-01 1.047105651125570525e-01 8.455010226437215115e-02 6.496922481999567456e-02 4.644230157332186054e-02 2.917223360502240251e-02 1.318628289997469255e-02 0.000000000000000000e+00 -3.365776139084409452e-02 -6.882400188867751623e-02 -1.037236303974366364e-01 -1.364995675130725450e-01 -1.668900716306811749e-01 -1.957531421948587869e-01 -2.224250217052080036e-01 -2.452073038479389566e-01 -2.640251757451819725e-01
1.476990924008949047e-01 1.408471019084792664e-01 1.243503683796341186e-01 1.047105651904216839e-01 8.455010232379357726e-02 6.496922488207841628e-02 4.644234738825179371e-02 2.917223340427652772e-02 1.318689523164379845e-02 -4.263416741375478008e-10 -3.365776240299502703e-02 -6.882400176598089947e-02 -1.037236285842184635e-01 -1.364995778431098150e-01 -1.668900715751014119e-01 -1.957531429218517527e-01 -2.224250216414607462e-01 -2.452073036811196205e-01 -2.640251756963060692e-01
1.476997281573008414e-01 1.408471019434535676e-01 1.243503684696929956e-01 1.047105652890988753e-01 8.455009630733384407e-02 6.496922496027832117e-02 4.644239291714090390e-02 2.917223321000732283e-02 1.318689491741452217e-02 2.482347261728949455e-10 -3.365776344967398581e-02 -6.882400177444127076e-02 -1.037236269500319552e-01 -1.364995613129107443e-01 -1.668900715043231953e-01 -1.957531436314527140e-01 -2.224250215623507776e-01 -2.452070084058205202e-01 -2.640251756366434055e-01
1.476989647256437554e-01 1.408471020761809522e-01 1.243503685861252622e-01 1.047105654097709310e-01 8.455010249037581138e-02 6.496922505928066915e-02 4.644230366307068592e-02 2.917223304131034284e-02 1.318689188822783076e-02 3.198855706421864588e-10 -3.365776448830851836e-02 -6.882400164787855212e-02 -1.037236252993138652e-01 -1.364995710593003009e-01 -1.668900714145563347e-01 -1.957531442795543974e-01 -2.224250214612741583e-01 -2.452073036017868024e-01 -2.640251755453569826e-01
1.476991121587573064e-01 1.408471024090914570e-01 1.243503687282294518e-01 1.047105655637739219e-01 8.455010261008878703e-02 6.496922518197323360e-02 4.644233313166002547e-02 2.917223292237306614e-02 1.318688229349842048e-02 6.344535531979658722e-10 -3.365776547368325156e-02 -6.882400152350538758e-02 -1.037236237167672298e-01 -1.364995712129676297e-01 -1.668900713033482364e-01 -1.957531449077755670e-01 -2.224250213392393871e-01 -2.452070092701917614e-01 -2.640251754526607431e-01
1.476989600520138279e-01 1.408471023927977683e-01 1.243503689073593849e-01 1.047105657502399451e-01 8.455010274991564545e-02 6.496922533402527122e-02 4.644230264756443738e-02 2.917223284223798008e-02 1.318685655022724251e-02 8.633824236696955874e-10 -3.365776636280472939e-02 -6.882400137901428794e-02 -1.037236222621493731e-01 -1.364995703695595641e-01 -1.668900711700931627e-01 -1.957531454238030377e-01 -2.224250211848941561e-01 -2.452073033821455805e-01 -2.640251753315826511e-01
1.476987326664575828e-01 1.408471026272729298e-01 1.243503691242212189e-01 1.047105659780058901e-01 8.455009683053196778e-02 6.496922551465765527e-02 4.644234678231731056e-02 2.917223282564885417e-02 1.318687756706872667e-02 1.095682786941541980e-09 -3.365776713506200835e-02 -6.882400119270215555e-02 -1.037236209565014222e-01 -1.364995630020337802e-01 -1.668900710039891711e-01 -1.957531457113874385e-01 -2.224250209983928417e-01 -2.452070093745191692e-01 -2.640251751860120399e-01
1.476990872816886236e-01 1.408471028372969280e-01 1.243503693529537379e-01 1.047105662498997031e-01 8.455009703991112069e-02 6.496922573548569169e-02 4.644233435732393611e-02 2.917223287985096225e-02 1.318688099078094145e-02 1.512657158705635626e-09 -3.365776777117653745e-02 -6.882400095362666004e-02 -1.037236195972622566e-01 -1.364995597874202604e-01 -1.668900708046493764e-01 -1.957531461604886669e-01 -2.224250207790478273e-01 -2.452070093733276501e-01 -2.640251750128650432e-01
1.476993501804130249e-01 1.408471031233883008e-01 1.243503696833966332e-01 1.047105665703003119e-01 8.455009728432402727e-02 6.496922599449329871e-02 4.644242115334679816e-02 2.917223299384677157e-02 1.318628424985727847e-02 1.689038827682068439e-09 -3.365776828233815743e-02 -6.882400069325916858e-02 -1.037236182403304258e-01 -1.364995633431997368e-01 -1.668900705747030644e-01 -1.957531464438318769e-01 -2.224250205136860947e-01 -2.452073030152421007e-01 -2.640251748051549718e-01
1.476990836211881375e-01 1.408471034183699511e-01 1.243503700194197870e-01 1.047105669405588857e-01 8.455009754397062316e-02 6.496922629215932943e-02 4.644233573496932277e-02 2.917223316116708542e-02 1.318687227449031121e-02 1.359220770093985816e-09 -3.365776866313667515e-02 -6.882400035366735558e-02 -1.037236167701222761e-01 -1.364995645770304133e-01 -1.668900703051130752e-01 -1.957531465219577715e-01 -2.224250202138587096e-01 -2.452070093164262776e-01 -2.640251745710376907e-01
