-8.733918002557179705e-02 -7.810818684844574034e-02 -6.905842389355051902e-02 -6.024593898684683924e-02 -5.169200737114978961e-02 -4.339917246991866623e-02 -3.536444791416018529e-02 -2.757605559991008551e-02 -2.002408266209580734e-02 -1.349931853984135018e-02 4.590183849531617212e-03 2.614034257074265150e-02 5.146250588919151769e-02 8.080789552181569246e-02 1.143631336777735097e-01 1.522598561040915677e-01 1.945792653592664234e-01 2.413706934887280831e-01 2.926680456504285321e-01
-8.538081882442637160e-02 -7.612044780980131709e-02 -6.709095463586957353e-02 -5.832240268299609953e-02 -4.982313033072671704e-02 -4.158961312661774157e-02 -3.361297276827997921e-02 -2.588262015304179306e-02 -1.838586256715760495e-02 -1.190834549146195347e-02 6.056665294628710457e-03 2.747171194222691043e-02 5.265475572347736583e-02 8.185865050907820129e-02 1.152774143369209858e-01 1.530477187902763436e-01 1.952507294701246732e-01 2.419385376267742804e-01 2.931444450091401643e-01
-8.340474858766475097e-02 -7.414473881226792129e-02 -6.514854185796863095e-02 -5.642913796285393274e-02 -4.798518478052009317e-02 -3.980932753618354053e-02 -3.189027975311275326e-02 -2.421549026523464598e-02 -1.677233346576897238e-02 -1.033977228003865427e-02 7.505183676565521829e-03 2.879087925066821027e-02 5.383505489341491174e-02 8.290246894088727780e-02 1.161893888332978936e-01 1.538331054051377267e-01 1.959201791851063190e-01 2.425048881849127536e-01 2.936194621241194347e-01
-8.142132956380070119e-02 -7.218212337565206582e-02 -6.322915984654207955e-02 -5.456145378619589592e-02 -4.617383797402904722e-02 -3.805509628709224240e-02 -3.019228254984279020e-02 -2.257165022651464598e-02 -1.518034141633764315e-02 -8.791792467613355685e-03 8.937839804623435094e-03 3.009506066884683195e-02 5.500717063872170159e-02 8.393974818912881830e-02 1.170942867471896770e-01 1.546149490938566184e-01 1.965886390008518281e-01 2.430693503956324608e-01 2.940946405347379389e-01
-7.943880100912267817e-02 -7.023555995409221098e-02 -6.133023586865615079e-02 -5.271774073282824158e-02 -4.438734543207062400e-02 -3.632409028247077232e-02 -2.851696017279312448e-02 -2.094813151454292394e-02 -1.360673721316268958e-02 -7.260768679044181037e-03 1.035530883442432361e-02 3.139001693522885938e-02 5.617121448829450608e-02 8.497082687983509297e-02 1.179958703853150465e-01 1.553932689562665392e-01 1.972530421949446333e-01 2.436336520535348493e-01 2.945683892477390375e-01
-7.746383346082807986e-02 -6.830503745311457264e-02 -5.945193499808319737e-02 -5.089564440294942066e-02 -4.262136856717112232e-02 -3.461533870183957501e-02 -2.686017200179403874e-02 -1.934407947305478992e-02 -1.205148012567249828e-02 -5.747062544823562831e-03 1.175884263271530401e-02 3.267214605732240290e-02 5.732570979629691282e-02 8.599551310505113011e-02 1.188935546690355338e-01 1.561692382432547099e-01 1.979168158553111234e-01 2.441959848896307350e-01 2.950410230727550931e-01
-7.549862394020459555e-02 -6.638986156288670393e-02 -5.759317937484312311e-02 -4.909411020378342400e-02 -4.087680609644334800e-02 -3.292400362677742193e-02 -2.522323839120842875e-02 -1.775663390007658007e-02 -1.051270176354998122e-02 -4.248698889254024988e-03 1.314887058494348254e-02 3.394411778835335070e-02 5.847199464402954433e-02 8.701391348849424334e-02 1.197864861842167367e-01 1.569416771783018749e-01 1.985791372934747612e-01 2.447567194287952608e-01 2.955128591968157470e-01
-7.354630303866115104e-02 -6.449233337781527797e-02 -5.575281313333155242e-02 -4.731023449708169487e-02 -3.914919796275972974e-02 -3.125195370863592670e-02 -2.360244301461270761e-02 -1.618724847063619798e-02 -8.989398532896725885e-03 -2.764961752217406227e-03 1.452716358408587954e-02 3.520602772678672887e-02 5.961043336118893726e-02 8.802698926979958538e-02 1.206750299515728514e-01 1.577118732341162288e-01 1.992384774798706681e-01 2.453164692076755526e-01 2.959843104885824805e-01
-7.160567376244443560e-02 -6.260962086093400936e-02 -5.392912614493821505e-02 -4.554511743771871846e-02 -3.744002548914324158e-02 -2.959645017775335701e-02 -2.199857029305355219e-02 -1.463097108744869715e-02 -7.480656091302891053e-03 -1.295283655886795985e-03 1.589339397885768113e-02 3.645743299580752467e-02 6.074219999489020166e-02 8.903414024347941491e-02 1.215590956338949563e-01 1.584777127561602383e-01 1.998953932096414199e-01 2.458744830160796979e-01 2.964543386989884066e-01
-6.989324920173480005e-02 -6.095058529215010429e-02 -5.232346142743874579e-02 -4.399054290819075230e-02 -3.593490612071600920e-02 -2.813878775114812131e-02 -2.058606617370312142e-02 -1.326106918151985677e-02 -6.150930096108952159e-03 0.000000000000000000e+00 1.709843578987803314e-02 3.756379360004102885e-02 6.174163721066236454e-02 8.992477440259867560e-02 1.223419169519169014e-01 1.591579848360642480e-01 2.004789644278944238e-01 2.463700323265411718e-01 2.968718387121616620e-01
-6.496718225249510648e-02 -5.618423720484222450e-02 -4.771296698286325855e-02 -3.952962669146480729e-02 -3.161653615256786870e-02 -2.395549393197831528e-02 -1.653132844152600464e-02 -9.327422180297259904e-03 -2.331790338981056150e-03 3.721625298131337866e-03 2.056454766647100932e-02 4.074738874944656974e-02 6.462442628840789349e-02 9.249752163768860946e-02 1.246070110962146649e-01 1.611262778155023723e-01 2.021685535199712613e-01 2.478077881595410759e-01 2.980840249638747053e-01
-5.875353791699744477e-02 -5.018150781330880938e-02 -4.191006227185496008e-02 -3.391629112627522757e-02 -2.618127647893575896e-02 -1.868899344865469075e-02 -1.142351628288506594e-02 -4.369808736717652360e-03 2.483701923627739012e-03 8.418359989445518832e-03 2.494466686591894841e-02 4.477908404569985040e-02 6.828319335888431707e-02 9.577041625872040331e-02 1.274957944758308981e-01 1.636418384444698615e-01 2.043352967875082249e-01 2.496525569719431625e-01 2.996425766352765474e-01
-5.097498729969382469e-02 -4.267040778000004420e-02 -3.464839729248446465e-02 -2.688830007856515131e-02 -1.937470775229816963e-02 -1.209004981473826498e-02 -5.019039699116255651e-03 1.850476378583408316e-03 8.531319467705326606e-03 1.432000718337873846e-02 3.045847179474766783e-02 4.986528572356554306e-02 7.291095013298382055e-02 9.992245823535239602e-02 1.311691119686652363e-01 1.668487354515265919e-01 2.071026729466659000e-01 2.520155529452965948e-01 3.016417249747924134e-01
-4.131955633088547908e-02 -3.334041201928629461e-02 -2.562313218209212942e-02 -1.814975743688127668e-02 -1.090407522798652468e-02 -3.869710926203895427e-03 2.965329160133377100e-03 9.611799052725982298e-03 1.608337203240014016e-02 2.169506188941693753e-02 3.736498325718112801e-02 5.625314288486722020e-02 7.873867016163996202e-02 1.051681367415815554e-01 1.358239738403033969e-01 1.709267075337664032e-01 2.106305879444076712e-01 2.550347954404388329e-01 3.042017498697049405e-01
-2.944680657354215025e-02 -2.185578170064250356e-02 -1.450146524539073882e-02 -7.365863916830208379e-03 -4.370319807535216869e-04 6.297957792969607373e-03 1.285243979175189691e-02 1.923529066616887218e-02 2.545532437549004670e-02 3.085646373582782293e-02 4.596739669522532934e-02 6.423112731649983920e-02 8.604314033049546839e-02 1.117642651901743084e-01 1.416984462494693953e-01 1.760902332083605082e-01 2.151130888038809141e-01 2.588828463459672546e-01 3.074721952573895578e-01
-1.500384433257236604e-02 -7.860332084037375405e-03 -9.221089976633282947e-04 5.820801501130687741e-03 1.238059304485766843e-02 1.876909131808396705e-02 2.499717680880068210e-02 3.107090071461942812e-02 3.699949658569123834e-02 4.215340212019039190e-02 5.660453434417714313e-02 7.413102834377278960e-02 9.513999880241209850e-02 1.200128517336244843e-01 1.490773446898601418e-01 1.826011323733733038e-01 2.207876938919637044e-01 2.637712115489861397e-01 3.116417122403933870e-01
2.365674203793185354e-03 9.010060165972760132e-03 1.547832157131179276e-02 2.177935879793714558e-02 2.792468402553319531e-02 3.392014904650368645e-02 3.977486149993997300e-02 4.549484198088632469e-02 5.108978406262937311e-02 5.596016073601712409e-02 6.965176736305031535e-02 8.632215588792153949e-02 1.063919633090194550e-01 1.302616944254897935e-01 1.582877584721427422e-01 1.907698529006106591e-01 2.279379052922449467e-01 2.699569321056993765e-01 3.169366755612875730e-01
2.299613295324619278e-02 2.909964268952301703e-02 3.505719281490839168e-02 4.087581914141763528e-02 4.656250878376932273e-02 5.212416444440445829e-02 5.756657346422714566e-02 6.289421846815904105e-02 6.811495592853299141e-02 7.266703620094715210e-02 8.550301346908266431e-02 1.012000299247144269e-01 1.201909384016433546e-01 1.428983615135128171e-01 1.697070725307738004e-01 2.009510254842505894e-01 2.368978205657822356e-01 2.777466107880925961e-01 3.236346573525466508e-01
4.718792980375034057e-02 5.272396097553320310e-02 5.814166617941365217e-02 6.344753471953727686e-02 6.864589169490419029e-02 7.374160574701432713e-02 7.873922129357113775e-02 8.364315732487673238e-02 8.845674621156071615e-02 9.266136063060152750e-02 1.045569199549244849e-01 1.191740655035018609e-01 1.369545328757575953e-01 1.583409589701500197e-01 1.837480086430442749e-01 2.135485345083701081e-01 2.480526577992379911e-01 2.875006428992816776e-01 3.320654395064370212e-01
