-8.089958399230523511e-02 -8.114131219794500083e-02 -8.138272045391223286e-02 -8.162440072727313034e-02 -8.186594379187964177e-02 -8.210766371037561684e-02 -8.234912359422819073e-02 -8.259106832611952387e-02 -8.283245059572343083e-02 -8.304733517061377301e-02 -8.367409691982591324e-02 -8.448235593710422264e-02 -8.552707253994686065e-02 -8.687635013262530459e-02 -8.861920526222719086e-02 -9.086651206622654853e-02 -9.376724805904552984e-02 -9.750164355628691826e-02 -1.023003824500208631e-01
-7.021204750837581332e-02 -7.044199315373991799e-02 -7.067220819795889952e-02 -7.090209620330964468e-02 -7.113245805495056751e-02 -7.136218961231031999e-02 -7.159251346618906997e-02 -7.182261226250584440e-02 -7.205327145128169464e-02 -7.225721916242602849e-02 -7.285354106047142730e-02 -7.362405457450972579e-02 -7.461715339705636552e-02 -7.590040900191429019e-02 -7.755680754712948599e-02 -7.969353323625662233e-02 -8.244772036565334306e-02 -8.598973971305126640e-02 -9.053719984571347024e-02
-5.993047382520274441e-02 -6.014993300954726840e-02 -6.036946931183273524e-02 -6.059038214600906413e-02 -6.080914172960354830e-02 -6.102844927991756679e-02 -6.124820665264654740e-02 -6.146803306945656381e-02 -6.168720280842762693e-02 -6.188249582124218107e-02 -6.245143363116355262e-02 -6.318629950225174152e-02 -6.413403827103536514e-02 -6.535776471147804190e-02 -6.693693171454902224e-02 -6.897167571491312488e-02 -7.159348688379994774e-02 -7.496390961586224533e-02 -7.928455717633355049e-02
-5.003702624669903454e-02 -5.024667423015795331e-02 -5.045786338668079019e-02 -5.066774020725508393e-02 -5.087719898572584665e-02 -5.108761726033347189e-02 -5.129743362247127236e-02 -5.150802940863676016e-02 -5.171829525731305027e-02 -5.190427486804167351e-02 -5.244817821254760259e-02 -5.315054203087070384e-02 -5.405707122744021764e-02 -5.522681410092513538e-02 -5.673472191226099082e-02 -5.867863874280800085e-02 -6.118070623882513465e-02 -6.439529495443842289e-02 -6.851258211203116455e-02
-4.051091173807611079e-02 -4.071127178173410133e-02 -4.091270980699993065e-02 -4.111509522786132437e-02 -4.131589532806478199e-02 -4.151726239058122631e-02 -4.171854616073770311e-02 -4.191980201145997786e-02 -4.212190867891212748e-02 -4.230010882459607491e-02 -4.282244714875959452e-02 -4.349452590152133591e-02 -4.436297395802862864e-02 -4.548330889207826550e-02 -4.692742370546951203e-02 -4.878766297989935857e-02 -5.118125796191645704e-02 -5.425429843900865523e-02 -5.818570691090439728e-02
-3.132783652407791081e-02 -3.152150936829842959e-02 -3.171537432292013264e-02 -3.190900776849940612e-02 -3.210193894001115572e-02 -3.229569451409865233e-02 -3.248934432452069143e-02 -3.268220298892868941e-02 -3.287642993940581571e-02 -3.304733622964964312e-02 -3.354885053103598413e-02 -3.419414377990162568e-02 -3.502819654371493174e-02 -3.610305253145046356e-02 -3.748839301544367592e-02 -3.927295177433114126e-02 -4.156739237334491910e-02 -4.451118180311742362e-02 -4.827467209193052333e-02
-2.246907227643929472e-02 -2.265540900808553013e-02 -2.284153312758826701e-02 -2.302776912982571270e-02 -2.321405544222054917e-02 -2.340064810344439500e-02 -2.358686231229902008e-02 -2.377219621644960021e-02 -2.395856464030183403e-02 -2.412342660109419168e-02 -2.460500979626272997e-02 -2.522630454807250899e-02 -2.602812533336089362e-02 -2.706184835397183741e-02 -2.839453932852257709e-02 -3.010817314412937359e-02 -3.231212890433987628e-02 -3.513840058246218978e-02 -3.874812283639209043e-02
-1.391276966675300195e-02 -1.409240263994822155e-02 -1.427171602971460604e-02 -1.445096454498373713e-02 -1.463145746004062241e-02 -1.480970775002920896e-02 -1.498924043334759829e-02 -1.516832255645635986e-02 -1.534751300585517238e-02 -1.550680604217754242e-02 -1.597182936041435103e-02 -1.657043327665482305e-02 -1.734280236744890208e-02 -1.833728042529094923e-02 -1.962008487741274260e-02 -2.127075771974787019e-02 -2.339104901714544188e-02 -2.610878387297457456e-02 -2.957930926146074349e-02
-5.638348255547701547e-03 -5.811714254551037309e-03 -5.985236591198958393e-03 -6.159286492475003413e-03 -6.331743131655767805e-03 -6.504815675021555742e-03 -6.677858305763128416e-03 -6.851860087525602633e-03 -7.023811905924466116e-03 -7.178326380924363731e-03 -7.625863484376221510e-03 -8.203079839734528714e-03 -8.948332909204090302e-03 -9.908795347124372405e-03 -1.114543194534917125e-02 -1.273701397110606030e-02 -1.478117278802893592e-02 -1.739905405822378751e-02 -2.073976958159071821e-02
1.493402336526327649e-03 1.325047832916843122e-03 1.157001312339578630e-03 9.881213992362196125e-04 8.199422972797909982e-04 6.527607900960719599e-04 4.847137256116325799e-04 3.160834478593365737e-04 1.487102028574538751e-04 0.000000000000000000e+00 -4.342573442762648448e-04 -9.955603054212208008e-04 -1.717022521642905209e-03 -2.649271960064713844e-03 -3.848391809454448833e-03 -5.390076508649016725e-03 -7.370851978757952602e-03 -9.906714079157588962e-03 -1.314086160418370501e-02
2.119945010905788935e-02 2.104479167565396353e-02 2.088977333327539029e-02 2.073450632383273817e-02 2.058030896152193701e-02 2.042566440889717616e-02 2.026986711537583433e-02 2.011645054678153424e-02 1.996192071133030127e-02 1.982485251965681455e-02 1.942394392833352371e-02 1.890900728165695321e-02 1.824434246385101682e-02 1.738791762130079133e-02 1.628564237546989077e-02 1.486836044581023829e-02 1.304970056836695334e-02 1.072466983114168416e-02 7.762435987582087978e-03
4.456942033215517684e-02 4.442894334051416400e-02 4.428821134139671739e-02 4.414728549518914802e-02 4.400689955370452877e-02 4.386612690388440317e-02 4.372573879925364254e-02 4.358535275488851363e-02 4.344522981525389405e-02 4.332021923271268948e-02 4.295733636215312568e-02 4.248907276847401632e-02 4.188497159091038313e-02 4.110778698304959344e-02 4.010825776528918057e-02 3.882267837055269205e-02 3.717662653289958985e-02 3.507194833448723514e-02 3.239519425308807349e-02
7.190558586680416420e-02 7.177924150495579303e-02 7.165331374909000850e-02 7.152669087565165229e-02 7.140072869459967997e-02 7.127505855951959957e-02 7.114913005234935195e-02 7.102321170720689303e-02 7.089742078341135234e-02 7.078493019341927650e-02 7.045999135011764281e-02 7.004038993943628721e-02 6.949893459624859049e-02 6.880334065894717910e-02 6.790901854708349117e-02 6.675897929066861025e-02 6.528858706942898549e-02 6.340948206731193693e-02 6.102256302342506239e-02
1.034435023766866329e-01 1.033324321366252824e-01 1.032205791042566101e-01 1.031081488513259370e-01 1.029965612328325730e-01 1.028857911167749828e-01 1.027747235267650466e-01 1.026634865895521553e-01 1.025521559560999274e-01 1.024530961615719715e-01 1.021652799140948809e-01 1.017944104169868774e-01 1.013159402666571896e-01 1.007008138942032810e-01 9.991102296153299422e-02 9.889646597756356072e-02 9.759768770608281963e-02 9.594129150606969803e-02 9.384188742499793845e-02
1.393540165063134328e-01 1.392564808796958875e-01 1.391584846792073560e-01 1.390608237691749183e-01 1.389631882868237189e-01 1.388660597317546430e-01 1.387678156971821619e-01 1.386708979098410788e-01 1.385744536639415825e-01 1.384868161310980339e-01 1.382362597719913322e-01 1.379124878396562059e-01 1.374945177423770315e-01 1.369585695342080134e-01 1.362681025755513864e-01 1.353841721279980259e-01 1.342527560571957213e-01 1.328100886921832202e-01 1.309841864085346808e-01
1.797422360526834406e-01 1.796584842309128238e-01 1.795738868068869898e-01 1.794904344397580398e-01 1.794061101103535671e-01 1.793219785130134025e-01 1.792377676248871066e-01 1.791527624777569383e-01 1.790698435401904820e-01 1.789946154762653008e-01 1.787773514084023130e-01 1.784980931175842167e-01 1.781378650493505300e-01 1.776747428315862132e-01 1.770797200636967106e-01 1.763168201442103511e-01 1.753421327671772778e-01 1.741008487934253834e-01 1.725285272498347788e-01
2.246755429024492046e-01 2.246032204672689381e-01 2.245309310206957953e-01 2.244589795801985865e-01 2.243868399598309693e-01 2.243149522401037543e-01 2.242427931074850445e-01 2.241711293587343168e-01 2.240992938419948122e-01 2.240354798806340197e-01 2.238495347259359114e-01 2.236101595859378843e-01 2.233026433236292574e-01 2.229064965678657084e-01 2.223984258588076468e-01 2.217464438997121257e-01 2.209151496054803654e-01 2.198566289962667619e-01 2.185182260570527890e-01
2.741862524949032487e-01 2.741249254820179448e-01 2.740631954787784430e-01 2.740015645072617079e-01 2.739413288590761830e-01 2.738803499426090138e-01 2.738194268874958315e-01 2.737582008280152746e-01 2.736963691153118106e-01 2.736431274197800301e-01 2.734858570006291623e-01 2.732832679622678729e-01 2.730221450615680778e-01 2.726866202705190423e-01 2.722562178536961364e-01 2.717040570605138150e-01 2.710005788890780254e-01 2.701054794587326446e-01 2.689743570942780271e-01
3.283043556808601382e-01 3.282526569125031046e-01 3.282008651603762206e-01 3.281489803985994658e-01 3.280980302141959237e-01 3.280466801282999056e-01 3.279953704114401680e-01 3.279440844672505406e-01 3.278925690880951649e-01 3.278472865497325528e-01 3.277147665035962110e-01 3.275441299118987959e-01 3.273243062492763311e-01 3.270422749615373714e-01 3.266799006822443951e-01 3.262164052809127246e-01 3.256245623112006271e-01 3.248725687702980203e-01 3.239230477098499761e-01
