1.377591968702572001e-01 1.388732664950243223e-01 1.399891934248056746e-01 1.411048505892411320e-01 1.422224297833032669e-01 1.433414477743140958e-01 1.444602180499384714e-01 1.455805337900446250e-01 1.467018329694194378e-01 1.476996643013590571e-01 1.506113320567077085e-01 1.543787041392605808e-01 1.592533289258293294e-01 1.655649937084202050e-01 1.737356925305055810e-01 1.843110499834906824e-01 1.979876222354580440e-01 2.157258052014869587e-01 2.385971080246138687e-01
1.306090006256429570e-01 1.317582646489898479e-01 1.329078201823271910e-01 1.340576689274273203e-01 1.352089604603594619e-01 1.363607032872612146e-01 1.375136287245471434e-01 1.386670441977635448e-01 1.398212977583021821e-01 1.408471018179567325e-01 1.438421771585642051e-01 1.477130360380611851e-01 1.527193053946321877e-01 1.591926191147378933e-01 1.675620986111449606e-01 1.783776695710707627e-01 1.923420269725144016e-01 2.103809824744088397e-01 2.336257958535334911e-01
1.142024435865315740e-01 1.153402878598216441e-01 1.164801619774060992e-01 1.176199093997001011e-01 1.187607179519213352e-01 1.199025707898324911e-01 1.210457502659891549e-01 1.221887629525997415e-01 1.233328800959104243e-01 1.243503683029738571e-01 1.273198613885439534e-01 1.311578451379773469e-01 1.361224512176570922e-01 1.425429072857093415e-01 1.508451874398919201e-01 1.615842209201256430e-01 1.754686010687428188e-01 1.934016597552959682e-01 2.165650035105691484e-01
9.496875483676590901e-02 9.605625621966192018e-02 9.714691979260112187e-02 9.824273131999382291e-02 9.933849262504780564e-02 1.004360232797198160e-01 1.015337774028459011e-01 1.026326570759455298e-01 1.037321476276067550e-01 1.047105651125570525e-01 1.075651598564659195e-01 1.112577846110807817e-01 1.160327401038425965e-01 1.222091877438987867e-01 1.301934369929322322e-01 1.405133172129865715e-01 1.538533428087868193e-01 1.710989296344400667e-01 1.933708584705882971e-01
7.537806391253773497e-02 7.640577756808435150e-02 7.743447707980133377e-02 7.846441833490962192e-02 7.949620396357494345e-02 8.052771151370506642e-02 8.156073793198552468e-02 8.259535574831630700e-02 8.362960434460163517e-02 8.455010226437215115e-02 8.723711139083380195e-02 9.071302451592079541e-02 9.521123106112554246e-02 1.010554912110272208e-01 1.086162412875172900e-01 1.183889392041559269e-01 1.310070028948953358e-01 1.472903546508947392e-01 1.683078412437320481e-01
5.638894032885954921e-02 5.735022452991159203e-02 5.831268706043298000e-02 5.927581224864818948e-02 6.024009014601863776e-02 6.120562175927223708e-02 6.217215577238327517e-02 6.314012137554379789e-02 6.410765477696318826e-02 6.496922481999567456e-02 6.748396021749408780e-02 7.073935910672965455e-02 7.495308582478432680e-02 8.040731219617941461e-02 8.746600825536747503e-02 9.660698895929926977e-02 1.084524833020920898e-01 1.237306623136569250e-01 1.433972876173182365e-01
3.846290868895812370e-02 3.935649266658323292e-02 4.025089902040040329e-02 4.114672786462942461e-02 4.204363708926499993e-02 4.294159463136308641e-02 4.384053238067947555e-02 4.473982683449343606e-02 4.564095693198367415e-02 4.644230157332186054e-02 4.878192189758414482e-02 5.181115855931795605e-02 5.573499899289575260e-02 6.081394640666006046e-02 6.739311662729798036e-02 7.590775106353835067e-02 8.691547465710601494e-02 1.011649196120129879e-01 1.195337736238232390e-01
2.176537250088258005e-02 2.259527247687622906e-02 2.342550679798592259e-02 2.425701042801467824e-02 2.508948564564031716e-02 2.592358084340805335e-02 2.675719779599968276e-02 2.759306227088227301e-02 2.842902006153533168e-02 2.917223360502240251e-02 3.134339243948141424e-02 3.415428723803994732e-02 3.779419829008100196e-02 4.250946475445280259e-02 4.861799312565608794e-02 5.652973275501559786e-02 6.676888461485622206e-02 7.999664801967461270e-02 9.707232242744251449e-02
6.302020078727270554e-03 7.074615812833284431e-03 7.846503914445529179e-03 8.618903284185481378e-03 9.393437909075605732e-03 1.016845235430355668e-02 1.094304611840208122e-02 1.171900210499690446e-02 1.249541351909481957e-02 1.318628289997469255e-02 1.520262948541150835e-02 1.781086116156685786e-02 2.119092633290713470e-02 2.556522503634418853e-02 3.123173651870628578e-02 3.857112534477506738e-02 4.807434095248585421e-02 6.036594348325487192e-02 7.622334148348815230e-02
-6.471050984544641019e-03 -5.744985937439918422e-03 -5.017667344532761656e-03 -4.291347017125950007e-03 -3.563121617020231172e-03 -2.836057738920599956e-03 -2.106693553270749288e-03 -1.378380763941022434e-03 -6.482647725492902318e-04 0.000000000000000000e+00 1.892966991739055511e-03 4.342001716351153590e-03 7.511486952312546907e-03 1.161168433576989859e-02 1.691948648384207846e-02 2.379129545905983231e-02 3.268561323627505733e-02 4.419320940183240481e-02 5.905500802274638028e-02
-3.915399481620435163e-02 -3.853557641234622161e-02 -3.791824062183676847e-02 -3.730053112417174715e-02 -3.668215058963880670e-02 -3.606424564142159811e-02 -3.544539973615364048e-02 -3.482687834960204731e-02 -3.420849724635652983e-02 -3.365776139084409452e-02 -3.205458832348901527e-02 -2.998227513360635435e-02 -2.730823699404114763e-02 -2.385484952374540904e-02 -1.939946160365190950e-02 -1.363100841022478124e-02 -6.185182010608309376e-03 3.413664023043079011e-03 1.578434338369149106e-02
-7.339023859085734569e-02 -7.287729414630400582e-02 -7.236413901862315257e-02 -7.185066934969185082e-02 -7.133701831376831892e-02 -7.082355576334863068e-02 -7.030837288995184231e-02 -6.979562348186291176e-02 -6.928146069720581002e-02 -6.882400188867751623e-02 -6.749070275823319809e-02 -6.576781033676452892e-02 -6.354130501997488911e-02 -6.066767117330550130e-02 -5.695779623363452643e-02 -5.217390262861305861e-02 -4.601430347538206650e-02 -3.809878051569395158e-02 -2.795138589796257456e-02
-1.073568686758235718e-01 -1.069487905357876384e-01 -1.065409969439822940e-01 -1.061323360142084476e-01 -1.057237977606119012e-01 -1.053149719057032141e-01 -1.049058624817838375e-01 -1.044965401910058905e-01 -1.040866992759097998e-01 -1.037236303974366364e-01 -1.026604341608851473e-01 -1.012876339238997364e-01 -9.951176278767710770e-02 -9.721535171630284189e-02 -9.424643400333804211e-02 -9.040646707363450552e-02 -8.544615392445695234e-02 -7.904289039475462242e-02 -7.079164735117964014e-02
-1.393277946711576898e-01 -1.390099217549299049e-01 -1.386923924690486587e-01 -1.383739294639146633e-01 -1.380565533847692428e-01 -1.377377301350351524e-01 -1.374195772802594417e-01 -1.371013769337235955e-01 -1.367832640975451541e-01 -1.364995675130725450e-01 -1.356749076071339377e-01 -1.346088425163658453e-01 -1.332315162509798701e-01 -1.314518028396600979e-01 -1.291520806243226516e-01 -1.261808818727246373e-01 -1.223289543255648287e-01 -1.173381489863058597e-01 -1.108816210351860482e-01
-1.691747050840823607e-01 -1.689169685706400637e-01 -1.686601944859693336e-01 -1.684030055279373272e-01 -1.681455192544341892e-01 -1.678891784595143155e-01 -1.676321117020235230e-01 -1.673749347991725922e-01 -1.671184038314754705e-01 -1.668900716306811749e-01 -1.662249689733674984e-01 -1.653664091380796786e-01 -1.642598957176720775e-01 -1.628327408570538759e-01 -1.609929434664195969e-01 -1.586228390398314314e-01 -1.555712987485697030e-01 -1.516433208728116544e-01 -1.465862475653276209e-01
-1.976421557115309036e-01 -1.974296858683225742e-01 -1.972173735933147043e-01 -1.970041496977741335e-01 -1.967918644875641387e-01 -1.965797283638890947e-01 -1.963668144476695965e-01 -1.961544166867457140e-01 -1.959423105428321210e-01 -1.957531421948587869e-01 -1.952030736811154743e-01 -1.944925517470681431e-01 -1.935749991937581183e-01 -1.923905465985788488e-01 -1.908637424928203985e-01 -1.888942730697765471e-01 -1.863578658472443972e-01 -1.830931100556515978e-01 -1.788975005047803157e-01
-2.238984743941294930e-01 -2.237330372916607746e-01 -2.235675437209553307e-01 -2.234021180196977541e-01 -2.232363038417889411e-01 -2.230706033554516465e-01 -2.229048671923174740e-01 -2.227386883958244468e-01 -2.225727547858429856e-01 -2.224250217052080036e-01 -2.219942201814258664e-01 -2.214369000384902031e-01 -2.207158048144483298e-01 -2.197822543510545013e-01 -2.185734866195004900e-01 -2.170069122351961366e-01 -2.149746147082940428e-01 -2.123382157552806127e-01 -2.089131226756264781e-01
-2.462927008872273504e-01 -2.461704142352189595e-01 -2.460487420696146343e-01 -2.459270068126448439e-01 -2.458050253803181762e-01 -2.456826342521417905e-01 -2.455607257083494144e-01 -2.454383698709369233e-01 -2.453160096333343310e-01 -2.452073038479389566e-01 -2.448895650294218018e-01 -2.444783890941957527e-01 -2.439461370098824633e-01 -2.432563773114568839e-01 -2.423619523138646759e-01 -2.412003641630998674e-01 -2.396893220018784521e-01 -2.377212770990060065e-01 -2.351471511419219451e-01
-2.648415968246398688e-01 -2.647499012721248879e-01 -2.646581991457953031e-01 -2.645664387875135137e-01 -2.644746831044600399e-01 -2.643827937091201563e-01 -2.642908999847208285e-01 -2.641989640292181640e-01 -2.641069711711148127e-01 -2.640251757451819725e-01 -2.637864895095800022e-01 -2.634772200861140723e-01 -2.630783832240828346e-01 -2.625612754780164426e-01 -2.618911912793771002e-01 -2.610226418302844520e-01 -2.598947186729126946e-01 -2.584277143195632398e-01 -2.565155632264549679e-01
