6.981261205645204748e-02 6.980467445494131784e-02 6.979582367026312961e-02 6.978796197349101949e-02 6.977972267879006818e-02 6.977118604773063781e-02 6.976364749169929047e-02 6.975536089823303199e-02 6.974864015078395540e-02 6.974038730166401412e-02 6.971975448287473509e-02 6.969181292527946991e-02 6.965844414805381912e-02 6.961399835087957177e-02 6.955709581816578446e-02 6.948515918915984524e-02 6.939276518736296751e-02 6.927547170793653397e-02 6.912774607361993340e-02
6.648072084508925561e-02 6.647052197816183394e-02 6.646032441483071262e-02 6.644981205859055995e-02 6.643947133368834079e-02 6.642916187966839414e-02 6.641908569635029957e-02 6.640780378898636371e-02 6.639808531485938414e-02 6.638913515471568660e-02 6.636239269950366948e-02 6.632752076065813462e-02 6.628420347898675291e-02 6.622785841396165718e-02 6.615590252139584571e-02 6.606250562352422584e-02 6.594319074098160816e-02 6.579319286842076620e-02 6.560236088647052044e-02
5.875175672494360041e-02 5.873924790196030643e-02 5.872675123679377968e-02 5.871366675523694012e-02 5.870178880512315345e-02 5.868875967007745192e-02 5.867623385096479988e-02 5.866294559055635488e-02 5.865144974185266397e-02 5.863998950844832858e-02 5.860842836975447417e-02 5.856747831301452323e-02 5.851405608403363601e-02 5.844573719236560716e-02 5.835811019734351429e-02 5.824522761802166521e-02 5.810302984047633484e-02 5.792112717001569877e-02 5.769068242843498201e-02
4.970257067387305605e-02 4.968886034320028899e-02 4.967521884661622866e-02 4.966229840906561527e-02 4.964866937360144783e-02 4.963437783821550431e-02 4.962130395460666310e-02 4.960697600042666966e-02 4.959382542578513742e-02 4.958153926862143152e-02 4.954656785494041676e-02 4.950107925100813433e-02 4.944347129041877509e-02 4.936901285329426542e-02 4.927243945937397757e-02 4.915148721626857314e-02 4.899562742687666589e-02 4.879646324770198912e-02 4.854608170023334834e-02
4.045198777397614881e-02 4.043751264969180220e-02 4.042322648346425434e-02 4.040910394978856207e-02 4.039456632585596702e-02 4.038079471693722250e-02 4.036631195468628336e-02 4.035177811563502026e-02 4.033783582085669756e-02 4.032541150074125252e-02 4.028874775696825866e-02 4.024120482551959976e-02 4.018030430282709675e-02 4.010280372766744650e-02 4.000234522960879197e-02 3.987456521658086506e-02 3.971146513584500326e-02 3.950425150088159726e-02 3.924237686272707276e-02
3.138936479852526273e-02 3.137432660582749333e-02 3.136014892988623487e-02 3.134614777159776267e-02 3.133112951657401196e-02 3.131639100591813996e-02 3.130252675087437375e-02 3.128736434181279835e-02 3.127331361228874451e-02 3.125999871744510050e-02 3.122280537645746520e-02 3.117468093311771826e-02 3.111314167011001650e-02 3.103430151751547170e-02 3.093230257705125927e-02 3.080185679499465937e-02 3.063563971165700339e-02 3.042426647078647073e-02 3.015894535859935111e-02
2.269922736754689460e-02 2.268449720117493920e-02 2.267051344787822734e-02 2.265542477345660471e-02 2.264133330770852146e-02 2.262634261104145422e-02 2.261206026283366088e-02 2.259728584799571699e-02 2.258331010754312251e-02 2.257069963208720165e-02 2.253289524207225877e-02 2.248441349826246771e-02 2.242267221251090237e-02 2.234282797837759682e-02 2.224159595681974785e-02 2.211147390172063867e-02 2.194469149648423448e-02 2.173420204964928923e-02 2.146774224800932634e-02
1.445359864519035580e-02 1.443885263665136039e-02 1.442466945449858741e-02 1.441096031752980497e-02 1.439580808783952684e-02 1.438204624050764061e-02 1.436748295048886903e-02 1.435358841526325480e-02 1.433848616029472813e-02 1.432570011546321041e-02 1.428870283894519838e-02 1.424150628816952743e-02 1.417947991078142254e-02 1.410115445337887553e-02 1.400111844934335756e-02 1.387126290829927833e-02 1.370668656904745070e-02 1.349839059029584766e-02 1.323391211236510032e-02
6.667983921095775764e-03 6.653853827946402781e-03 6.639573987021934846e-03 6.625204791464025383e-03 6.610894572631332081e-03 6.597437654077116520e-03 6.582915138731104676e-03 6.568781253948110903e-03 6.554771096827071569e-03 6.542240795177740875e-03 6.505992020782117718e-03 6.458837584199807712e-03 6.398260398139230150e-03 6.320590159109398462e-03 6.222152292613138472e-03 6.095328668818929610e-03 5.932527654084488768e-03 5.727274939783104715e-03 5.467979599015358565e-03
1.233908433573619693e-04 1.094229125548201042e-04 9.547090590586310697e-05 8.153485232731539744e-05 6.781976697492193666e-05 5.385738629600314315e-05 4.002219417797148984e-05 2.614996209811925787e-05 1.275049522946561030e-05 0.000000000000000000e+00 -3.580437551360158926e-05 -8.193153632299389499e-05 -1.407819890284382281e-04 -2.172449705162229515e-04 -3.149006357880686333e-04 -4.397814094137190012e-04 -5.984656991223300795e-04 -7.999491412369252527e-04 -1.054744717294411405e-03
-1.709880964049574278e-02 -1.711209003594369241e-02 -1.712491868672525591e-02 -1.713806038283582564e-02 -1.715118734681217103e-02 -1.716366586808827990e-02 -1.717720656276467903e-02 -1.719053675092917927e-02 -1.720271915538428009e-02 -1.721481537470339121e-02 -1.724846891200424587e-02 -1.729117427517706806e-02 -1.734729640658052435e-02 -1.741859226940912705e-02 -1.751072949007903903e-02 -1.762713633141966413e-02 -1.777589281590930687e-02 -1.796594897075823316e-02 -1.820535948279418739e-02
-3.600571214926574781e-02 -3.601766821065290752e-02 -3.602992763585178421e-02 -3.604201725597755424e-02 -3.605434370154316642e-02 -3.606639416115866442e-02 -3.607851439030946433e-02 -3.608996707956360628e-02 -3.610266274796965214e-02 -3.611276969175352541e-02 -3.614481378108493070e-02 -3.618507243562343878e-02 -3.623687966426629437e-02 -3.630235427135834747e-02 -3.638808721018743642e-02 -3.649699110770626004e-02 -3.663584885298419580e-02 -3.681204583885114290e-02 -3.703495318240122153e-02
-5.647365278333309202e-02 -5.648479703391023204e-02 -5.649528131912680967e-02 -5.650701842259697044e-02 -5.651817937756732635e-02 -5.652925871391974166e-02 -5.654023184696368998e-02 -5.655126624610163494e-02 -5.656223220539248475e-02 -5.657211610018386683e-02 -5.660022684140500471e-02 -5.663733904039475187e-02 -5.668453624329958945e-02 -5.674515640652223053e-02 -5.682295226508980029e-02 -5.692233794727191709e-02 -5.704911949574209551e-02 -5.720987195386610658e-02 -5.741362466754927618e-02
-7.800717830126568941e-02 -7.801698170252728548e-02 -7.802669850216828462e-02 -7.803659956026294531e-02 -7.804528148105886742e-02 -7.805607560232831477e-02 -7.806581477251602064e-02 -7.807527573713649027e-02 -7.808528468782088838e-02 -7.809376911082697992e-02 -7.811877196106323251e-02 -7.815140769687640987e-02 -7.819293696404190641e-02 -7.824634177324220341e-02 -7.831486430967012080e-02 -7.840239196044329617e-02 -7.851393233107210878e-02 -7.865591216122477802e-02 -7.883517562125871847e-02
-9.965485019790483456e-02 -9.966310127746372260e-02 -9.967136044325701494e-02 -9.967960844565465495e-02 -9.968764517783762491e-02 -9.969580564565226621e-02 -9.970413593239986494e-02 -9.971223734853650045e-02 -9.972045004564135395e-02 -9.972758882342100395e-02 -9.974880269732719351e-02 -9.977590361738319924e-02 -9.981082231888160905e-02 -9.985571031161839806e-02 -9.991315532586468595e-02 -9.998672321756869874e-02 -1.000805259719981105e-01 -1.001996540722590034e-01 -1.003502416041907042e-01
-1.204291787023072102e-01 -1.204358790402621504e-01 -1.204425446922289811e-01 -1.204491850893826405e-01 -1.204563267808761023e-01 -1.204624973217956474e-01 -1.204691727734211459e-01 -1.204757136309761445e-01 -1.204823885086782481e-01 -1.204881626587785137e-01 -1.205053367357331040e-01 -1.205272094869776905e-01 -1.205557747802145363e-01 -1.205918080402910708e-01 -1.206387735377389553e-01 -1.206983269727384261e-01 -1.207746616633087050e-01 -1.208713496093956341e-01 -1.209934308855921542e-01
-1.401764513354618047e-01 -1.401824688598660440e-01 -1.401877618907153289e-01 -1.401930437285902886e-01 -1.401987064567511432e-01 -1.402038220657639556e-01 -1.402095799130571863e-01 -1.402151143368801922e-01 -1.402205797822201339e-01 -1.402258447233347138e-01 -1.402399415131055926e-01 -1.402576224740565980e-01 -1.402809764126312642e-01 -1.403109300039269147e-01 -1.403494518148689363e-01 -1.403981931767416813e-01 -1.404617595261231089e-01 -1.405413232483805341e-01 -1.406427805067781422e-01
-1.594631279254789535e-01 -1.594675608129222655e-01 -1.594726976882619718e-01 -1.594770833067181981e-01 -1.594820827046058986e-01 -1.594862687278928992e-01 -1.594909344915866611e-01 -1.594955009541921820e-01 -1.595002554126380978e-01 -1.595044430024638304e-01 -1.595160475825250501e-01 -1.595320466388711333e-01 -1.595521739413074125e-01 -1.595772719012106822e-01 -1.596094990751048548e-01 -1.596521338245681099e-01 -1.597061374399914579e-01 -1.597745112111855215e-01 -1.598609432458300561e-01
-1.789267553135273636e-01 -1.789308031924024822e-01 -1.789347290022956782e-01 -1.789391783155591664e-01 -1.789432407466666486e-01 -1.789472994701333808e-01 -1.789513339804427172e-01 -1.789553725523702898e-01 -1.789596962233123423e-01 -1.789630858275684799e-01 -1.789733603622333802e-01 -1.789870633743907979e-01 -1.790039979645347001e-01 -1.790265102254475771e-01 -1.790552722660816443e-01 -1.790922056971162857e-01 -1.791390989568462100e-01 -1.791988099826569425e-01 -1.792745679526705493e-01
