4.216605427572715143e+02 1.665592837225075895e+00 7.740714350328520288e-01 4.924916723350769576e-01 3.452900432455259239e-01 2.519813381057752766e-01 1.863265591637365548e-01 1.369656853710543853e-01 9.809832465053559825e-02 6.974038730166401412e-02 8.213551234095159415e-03 -4.459382665584619987e-02 -9.026511345633742023e-02 -1.296237123715975326e-01 -1.634812882360004993e-01 -1.940290596800637035e-01 -2.215871493788599544e-01 -2.448519156112825557e-01 -2.638891371981336720e-01
1.041766889570973964e+00 8.046572169467073321e-01 5.699009222203186287e-01 4.146418913331632039e-01 3.087056827019082905e-01 2.324415488316310674e-01 1.749154108705483768e-01 1.298122100350567187e-01 9.342142373906864306e-02 6.638913515471568660e-02 6.784218474660741981e-03 -4.517599837810225283e-02 -9.050118466589716915e-02 -1.297140544117953431e-01 -1.635137959100022020e-01 -1.940404111766481643e-01 -2.215916149510230304e-01 -2.448534750701469587e-01 -2.638890805675282447e-01
6.279340233854369124e-01 5.468790401855702088e-01 4.317211134034467102e-01 3.363585298064173945e-01 2.613653002865153896e-01 2.021534382933550811e-01 1.546539393913606841e-01 1.157189517914211929e-01 8.329372945953625318e-02 5.863998950844832858e-02 2.942950061813793834e-03 -4.698944394486580939e-02 -9.134303594488490941e-02 -1.300759080015694569e-01 -1.636600762339599502e-01 -1.940999149503015164e-01 -2.216156528196339126e-01 -2.448620721022584101e-01 -2.638920265219265593e-01
4.577515222147942597e-01 4.154176345286546557e-01 3.442109707332868807e-01 2.779649219790700787e-01 2.214044111781381108e-01 1.740821337905761046e-01 1.343174514206587900e-01 1.006838732020377131e-01 7.186621808113823062e-02 4.958153926862143152e-02 -1.995925587986023975e-03 -4.954260134875575206e-02 -9.262714974519951905e-02 -1.306694886070185191e-01 -1.639199607735584707e-01 -1.942155897128672870e-01 -2.216666309745799757e-01 -2.448816156463848870e-01 -2.638984520444495052e-01
3.583265850706197075e-01 3.319623548747436259e-01 2.825047953051478267e-01 2.329476094131374686e-01 1.883391162370093852e-01 1.493640488969924240e-01 1.155880936517196950e-01 8.616777723449119131e-02 6.045518209908930241e-02 4.032541150074125252e-02 -7.394497449538283210e-03 -5.251543254773562153e-02 -9.420498063279758583e-02 -1.314353954541165881e-01 -1.642753563302358222e-01 -1.943825356207314337e-01 -2.217430456925668647e-01 -2.449124962502385872e-01 -2.639099698483524103e-01
2.909534780078354976e-01 2.727067975167742353e-01 2.358929470853883270e-01 1.969946151485440500e-01 1.605944346334518824e-01 1.278299320447680021e-01 9.858469568687128204e-02 7.258387306707153597e-02 4.957270930250565200e-02 3.125999871744510050e-02 -1.293829462721340917e-02 -5.572405458908609444e-02 -9.597817152075294178e-02 -1.323280030854795675e-01 -1.647076084177710731e-01 -1.945957086304753725e-01 -2.218439123541221525e-01 -2.449541814971921139e-01 -2.639253671522008293e-01
2.412119632920431411e-01 2.277846995351946457e-01 1.989812284542494814e-01 1.674422435386309083e-01 1.370409336336952666e-01 1.088686262825823564e-01 8.320194005292141926e-02 6.008557960556959454e-02 3.929718492748768971e-02 2.257069963208720165e-02 -1.846685582397998571e-02 -5.905615111479919216e-02 -9.787997736561265816e-02 -1.333167631205942616e-01 -1.652029198906370122e-01 -1.948483557828716017e-01 -2.219673155189454405e-01 -2.450063048452034709e-01 -2.639451321325019251e-01
2.023870945517636244e-01 1.920243345981361427e-01 1.688667335879430742e-01 1.426405112218812332e-01 1.166416753260300088e-01 9.203691637936306513e-02 6.932185670498736130e-02 4.856238250650225102e-02 2.966847311834384243e-02 1.432570011546321041e-02 -2.388706535842431353e-02 -6.244016728604880745e-02 -9.986367311273075531e-02 -1.343741789929189523e-01 -1.657491425425984266e-01 -1.951348261217859537e-01 -2.221097592748628446e-01 -2.450677520760426165e-01 -2.639692228431851362e-01
1.710441046442932045e-01 1.628313944517640888e-01 1.436676741326280426e-01 1.213498122598802298e-01 9.872921697151657017e-02 7.703190891917921501e-02 5.671856365367054786e-02 3.793147452622155219e-02 2.067465884144186611e-02 6.542240795177740875e-03 -2.913186004288207537e-02 -6.582977260663737396e-02 -1.018950074601978617e-01 -1.354832851327081866e-01 -1.663370239338779477e-01 -1.954504227047713094e-01 -2.222697448308770807e-01 -2.451375181953031612e-01 -2.639968252527587489e-01
1.476996643013590571e-01 1.408471018179567325e-01 1.243503683029738571e-01 1.047105651125570525e-01 8.455010226437215115e-02 6.496922481999567456e-02 4.644230157332186054e-02 2.917223360502240251e-02 1.318628289997469255e-02 0.000000000000000000e+00 -3.365776139084409452e-02 -6.882400188867751623e-02 -1.037236303974366364e-01 -1.364995675130725450e-01 -1.668900716306811749e-01 -1.957531421948587869e-01 -2.224250217052080036e-01 -2.452073038479389566e-01 -2.640251757451819725e-01
9.534085747572376701e-02 9.091948777969581508e-02 7.948837664284935656e-02 6.526767185577748986e-02 5.018388518364727546e-02 3.515569557546124879e-02 2.063384165062676773e-02 6.811432574034397350e-03 -6.254969299974140126e-03 -1.721481537470339121e-02 -4.608728607193378346e-02 -7.731952990238274981e-02 -1.090537112818856236e-01 -1.395650868901524566e-01 -1.686180459375637708e-01 -1.967308792349593549e-01 -2.229383205647424149e-01 -2.454410220019812017e-01 -2.641225343689128091e-01
4.831769609333497195e-02 4.547695919154275124e-02 3.767408090554799638e-02 2.760184938089974699e-02 1.660981555642962113e-02 5.368017883154886996e-03 -5.762436453987843099e-03 -1.660065198390232172e-02 -2.709836358147143034e-02 -3.611276969175352541e-02 -6.050257690986352715e-02 -8.756939796466428616e-02 -1.157321591567324753e-01 -1.435948682540147681e-01 -1.710176570409859542e-01 -1.981496081329481851e-01 -2.237040499067325106e-01 -2.458011610264008995e-01 -2.642788321311743127e-01
6.466988606867748665e-03 4.689541642221846211e-03 -4.982932191954490310e-04 -7.497013182569568258e-03 -1.541304624930175428e-02 -2.377106627572425981e-02 -3.229996533899903016e-02 -4.083343147580462129e-02 -4.925277734448305078e-02 -5.657211610018386683e-02 -7.667510540727713597e-02 -9.943942063798608122e-02 -1.237496785604045857e-01 -1.487239532928587016e-01 -1.742518343089592692e-01 -2.001453374891747905e-01 -2.248156505959521545e-01 -2.463395743806377769e-01 -2.645202490568613896e-01
-3.077785727894702394e-02 -3.191014988752392811e-02 -3.546564307602188132e-02 -4.047278816110370242e-02 -4.631119968701900846e-02 -5.261580276349715757e-02 -5.915237223615808781e-02 -6.576311773395522586e-02 -7.233926985832839218e-02 -7.809376911082697992e-02 -9.408166010844190574e-02 -1.126054153609471753e-01 -1.330407053252178617e-01 -1.550529954638415475e-01 -1.784869247370210188e-01 -2.028670871810180076e-01 -2.263735030880796306e-01 -2.471199125334905267e-01 -2.648866262874275956e-01
-6.533910253757525821e-02 -6.607454604056331449e-02 -6.851035878372882526e-02 -7.204077356009995492e-02 -7.622908771572954600e-02 -8.080713371030014136e-02 -8.559957013140571946e-02 -9.048949723501635567e-02 -9.539627086037721915e-02 -9.972758882342100395e-02 -1.119660344756549936e-01 -1.265847102505237853e-01 -1.435185066061762382e-01 -1.626607974963338032e-01 -1.838798990892431262e-01 -2.064582587165831873e-01 -2.284854872954565908e-01 -2.482160949027611974e-01 -2.654228048838779275e-01
-9.663499826526004977e-02 -9.708262122757059520e-02 -9.864650296546988162e-02 -1.009866673840865980e-01 -1.038254373944501596e-01 -1.069767100917391467e-01 -1.103224746373876602e-01 -1.137897167812596810e-01 -1.173234523951373620e-01 -1.204881626587785137e-01 -1.296761517140393449e-01 -1.411648916862901226e-01 -1.551148934543140068e-01 -1.716166404189761741e-01 -1.905518888954589596e-01 -2.110284664647288644e-01 -2.312467472506345434e-01 -2.497055297417712372e-01 -2.661860919416939586e-01
-1.236456829213965353e-01 -1.239072384052347237e-01 -1.248822978676682460e-01 -1.264029261477757071e-01 -1.283003224742982340e-01 -1.304641037893732869e-01 -1.328153978245826261e-01 -1.352999736356206295e-01 -1.378785945472625063e-01 -1.402258447233347138e-01 -1.472251162926478951e-01 -1.563358946159484342e-01 -1.678551743238000660e-01 -1.819741276785060147e-01 -1.985410037617228451e-01 -2.166164973292451223e-01 -2.347154145985889395e-01 -2.516629412773023211e-01 -2.672399900558693475e-01
-1.474923425009986022e-01 -1.476502964818633690e-01 -1.482881466690322836e-01 -1.493237730987064249e-01 -1.506536618657628446e-01 -1.522041299543152038e-01 -1.539214031583303333e-01 -1.557671987727844432e-01 -1.577106838563182567e-01 -1.595044430024638304e-01 -1.649668460717422236e-01 -1.722877930542836000e-01 -1.817977772830349503e-01 -1.936824871004547977e-01 -2.077229980892784378e-01 -2.231506470045279689e-01 -2.388935757849055541e-01 -2.541479801429095131e-01 -2.686526259988977205e-01
-1.699560393776470002e-01 -1.700603094766933721e-01 -1.705004547147750960e-01 -1.712412445221974389e-01 -1.722139772438972538e-01 -1.733680531463472896e-01 -1.746631561466730764e-01 -1.760707808984681433e-01 -1.775701670345455618e-01 -1.789630858275684799e-01 -1.832594812184547839e-01 -1.891044881006271328e-01 -1.967686318324466666e-01 -2.063714942195732371e-01 -2.177520117980805969e-01 -2.304398741145909646e-01 -2.437497216134892619e-01 -2.571980159629939089e-01 -2.704884591440935293e-01
