3.239029068266707223e-01 3.388228478585334491e-01 3.532375023831624272e-01 3.671780671310834188e-01 3.806741514558066863e-01 3.937534160436820252e-01 4.064418393040477029e-01 4.187630750987106909e-01 4.307388043414394074e-01 4.411121493317965991e-01 4.700074375328647802e-01 5.047140374667495877e-01 5.458895662075354815e-01 5.941271897100023347e-01 6.499406194843849738e-01 7.137653663319899477e-01 7.859778836901328836e-01 8.669220694715954467e-01 9.569608369707478523e-01
2.552263349212615107e-01 2.686522595357791476e-01 2.816135732750238430e-01 2.941385683199152501e-01 3.062566802503603469e-01 3.179909941176179422e-01 3.293682745016439650e-01 3.404085232331075517e-01 3.511324817792762509e-01 3.604148719434732140e-01 3.862468683150708793e-01 4.172210825735405693e-01 4.538953031017018969e-01 4.967572950206541882e-01 5.462134750645902814e-01 6.025883330484567146e-01 6.661348160430574650e-01 7.370640823532559338e-01 8.155763169957678249e-01
1.742672142435673366e-01 1.863198875885115346e-01 1.979516669370329773e-01 2.091894053118136809e-01 2.200571492941008622e-01 2.305786318931890566e-01 2.407762904612330279e-01 2.506692660763982783e-01 2.602758982841513746e-01 2.685894926449063358e-01 2.917133485916038049e-01 3.194189424536177380e-01 3.521918432137948196e-01 3.904518625284671418e-01 4.345398634187898068e-01 4.847164832078499352e-01 5.411748205255301203e-01 6.040634776015577634e-01 6.735094830174591651e-01
1.123998315206089227e-01 1.235730715289247161e-01 1.343541051898164973e-01 1.447688728484238796e-01 1.548395836146848892e-01 1.645876158431388292e-01 1.740344621666944647e-01 1.831967811022169879e-01 1.920942578128511657e-01 1.997916946075239397e-01 2.211995152586866964e-01 2.468375211227341604e-01 2.771518114258173515e-01 3.125207219835945960e-01 3.532496156055752179e-01 3.995660624635134495e-01 4.516350917081203842e-01 5.095699575544473392e-01 5.734657885337259842e-01
6.500370064613793242e-02 7.555533646436181361e-02 8.573636505824705489e-02 9.556883610125331552e-02 1.050773969818405984e-01 1.142800618325702094e-01 1.231967006745532944e-01 1.318455890015605980e-01 1.402423911032089909e-01 1.475058493112480773e-01 1.677051027693631513e-01 1.918906630078928421e-01 2.204774506456437522e-01 2.538207723987951914e-01 2.922003061249272005e-01 3.358245375029673130e-01 3.848363378264223478e-01 4.393350302622044956e-01 4.993950079051928115e-01
2.725246976360096163e-02 3.733215706714754223e-02 4.705741801341971342e-02 5.644989631428452143e-02 6.553040880567909121e-02 7.432067180819282304e-02 8.283658912569971666e-02 9.109589392051488377e-02 9.911378668972595229e-02 1.060499656857189221e-01 1.253356464558018912e-01 1.484247242201484906e-01 1.757098245917091406e-01 2.075271444817777255e-01 2.441414755035886952e-01 2.857459570554252704e-01 3.324724968652573165e-01 3.844066035018423588e-01 4.416134135933569849e-01
-3.785005692390339214e-03 5.920475531715719761e-03 1.528434455523505070e-02 2.432689164900148082e-02 3.307091502643267483e-02 4.153305082407075799e-02 4.973107392573612034e-02 5.768147020798395502e-02 6.539980431610792344e-02 7.207788894720917883e-02 9.064144259762110800e-02 1.128633732867023037e-01 1.391211033454416435e-01 1.697351509116033497e-01 2.049595228204058317e-01 2.449772201556241480e-01 2.899092919712369376e-01 3.398358573745119404e-01 3.948109116784784822e-01
-2.992781558921804586e-02 -2.052913819598245829e-02 -1.146163929046582937e-02 -2.704307978892168691e-03 5.761361261636332824e-03 1.395551619446674940e-02 2.189352707331090886e-02 2.959257732829463639e-02 3.706621715776191317e-02 4.353207630784889509e-02 6.150506635069868250e-02 8.301786927413574990e-02 1.084384176570758612e-01 1.380722737523817079e-01 1.721636826734185555e-01 2.108883281240438445e-01 2.543620546793642911e-01 3.026572526750476166e-01 3.558214399327241928e-01
-5.237364092107571478e-02 -4.323285048057531194e-02 -3.441443228136214366e-02 -2.589675885564179936e-02 -1.766387559086757264e-02 -9.695158649114443347e-03 -1.973852992747041155e-03 5.513119297951103379e-03 1.278125475940621904e-02 1.906817865143590682e-02 3.654678065633545220e-02 5.746704897997462896e-02 8.218366919399955339e-02 1.109962714434217651e-01 1.441397313654881607e-01 1.817834214152353189e-01 2.240368344172949389e-01 2.709700646810480618e-01 3.226262806569152319e-01
-6.989324920173480005e-02 -6.095058529215010429e-02 -5.232346142743874579e-02 -4.399054290819075230e-02 -3.593490612071600920e-02 -2.813878775114812131e-02 -2.058606617370312142e-02 -1.326106918151985677e-02 -6.150930096108952159e-03 0.000000000000000000e+00 1.709843578987803314e-02 3.756379360004102885e-02 6.174163721066236454e-02 8.992477440259867560e-02 1.223419169519169014e-01 1.591579848360642480e-01 2.004789644278944238e-01 2.463700323265411718e-01 2.968718387121616620e-01
-1.115243954970644991e-01 -1.030430984129902250e-01 -9.486007568556716063e-02 -8.695607586766714026e-02 -7.931554341484561843e-02 -7.192123575735057117e-02 -6.475794401821477475e-02 -5.781055059304150701e-02 -5.106680942113540206e-02 -4.523348896025460725e-02 -2.901868223794347446e-02 -9.610075220247992628e-03 1.331660866793336721e-02 4.003844536174530622e-02 7.077003428689009057e-02 1.056671620300664305e-01 1.448251093655600064e-01 1.883026983494997808e-01 2.361325571169466953e-01
-1.516148722693743400e-01 -1.435665225471031980e-01 -1.358014357338728217e-01 -1.283022296691899711e-01 -1.210518126811863521e-01 -1.140349429996526248e-01 -1.072372965996924582e-01 -1.006453168144119531e-01 -9.424615630964380819e-02 -8.871078966891007833e-02 -7.332404760714136827e-02 -5.490921290763821350e-02 -3.315660112223824812e-02 -7.805604585068713804e-03 2.134592520190071313e-02 5.444365165469168544e-02 9.157554395491611376e-02 1.327933238335038957e-01 1.781261500036613599e-01
-1.900013827718549375e-01 -1.823611909385022545e-01 -1.749894049914342553e-01 -1.678698582009278961e-01 -1.609868793273802612e-01 -1.543255628954338099e-01 -1.478721259630358942e-01 -1.416136257637339857e-01 -1.355384125764107217e-01 -1.302835765469425311e-01 -1.156760421567561564e-01 -9.819444599694615583e-02 -7.754546031476879098e-02 -5.348259723934938037e-02 -2.581373613934768649e-02 5.594030578068683035e-03 4.082542615214239390e-02 7.992509576077767852e-02 1.229169375744702669e-01
-2.266420485429780918e-01 -2.193864203342244801e-01 -2.123858452190291179e-01 -2.056242505917796337e-01 -1.990871860444518582e-01 -1.927609438057460711e-01 -1.866315891106606895e-01 -1.806875782579080991e-01 -1.749176383929146039e-01 -1.699273557875522755e-01 -1.560528471977273290e-01 -1.394504950419096223e-01 -1.198392966389177500e-01 -9.698817435041230672e-02 -7.071525317993343496e-02 -4.089553964070680170e-02 -7.451548099901790512e-03 2.965750359191822449e-02 7.045088522130672770e-02
-2.615668100568483978e-01 -2.546747177574661958e-01 -2.480236646975502723e-01 -2.416003399721412259e-01 -2.353898492631593398e-01 -2.293794727656141841e-01 -2.235564817494645751e-01 -2.179090343236936567e-01 -2.124261458288554671e-01 -2.076841301052953226e-01 -1.945025932162924576e-01 -1.787275803325108214e-01 -1.600969829591957772e-01 -1.383867890383282950e-01 -1.134283654517212608e-01 -8.510423634856709163e-02 -5.334299845835566850e-02 -1.810666846235660030e-02 2.061785661501819647e-02
-2.948392650074424526e-01 -2.882903036320182411e-01 -2.819707890293390307e-01 -2.758667389056311814e-01 -2.699647121769390146e-01 -2.642525107770201109e-01 -2.587183820448873406e-01 -2.533508901447597550e-01 -2.481404250178578241e-01 -2.436335607391344471e-01 -2.311052448477898813e-01 -2.161120110127823513e-01 -1.984040671928009592e-01 -1.777712530600994711e-01 -1.540531557906838767e-01 -1.271398868952189620e-01 -9.696287675706376230e-02 -6.349340815347664924e-02 -2.671519487766094159e-02
-3.265373927189805237e-01 -3.203135368711329534e-01 -3.143076275338549386e-01 -3.085059893853885904e-01 -3.028963228459062851e-01 -2.974659199617111227e-01 -2.922048811843513394e-01 -2.871026230606418816e-01 -2.821494666585118716e-01 -2.778648798702784695e-01 -2.659540443574417989e-01 -2.516991205106443585e-01 -2.348640332857773183e-01 -2.152471069916569169e-01 -1.926990244414621967e-01 -1.671152031640150692e-01 -1.384343504320623974e-01 -1.066289982410783543e-01 -7.168756504955171860e-02
-3.567401038627479037e-01 -3.508251745152598522e-01 -3.451161300439715696e-01 -3.396013767076145884e-01 -3.342676425646738392e-01 -3.291051637380467687e-01 -3.241029419981974469e-01 -3.192514528974678689e-01 -3.145423185918486131e-01 -3.104673493508674498e-01 -2.991406335978415432e-01 -2.855847638775350639e-01 -2.695737825328587411e-01 -2.509178685113805374e-01 -2.294751580183617967e-01 -2.051470176774671805e-01 -1.778770697476968754e-01 -1.476410655484926004e-01 -1.144313641161117667e-01
-3.855221853892535910e-01 -3.799006067872334191e-01 -3.744739042519778516e-01 -3.692310501778335863e-01 -3.641606176340010936e-01 -3.592518409007592894e-01 -3.544956076141307366e-01 -3.498819557417002790e-01 -3.454027559499598388e-01 -3.415277486611065783e-01 -3.307548414333556508e-01 -3.178603255110969972e-01 -3.026293956070669200e-01 -2.848823546014941921e-01 -2.644838988783773104e-01 -2.413424110940832479e-01 -2.154050824878848414e-01 -1.866513059275240194e-01 -1.550760951604717164e-01
