9.627300822253058868e+03 9.627300822253058868e+03 9.627300822253058868e+03 9.627300822253058868e+03 9.627300822253058868e+03 9.627300822253058868e+03 9.627300822253058868e+03 9.627300822253058868e+03 9.627300822253058868e+03 9.627300822253058868e+03 9.627300822253058868e+03 9.627300822253058868e+03 9.627300822253058868e+03 9.627300822253058868e+03 9.627300822253058868e+03 9.627300822253058868e+03 9.627300822253058868e+03 9.627300822253058868e+03 9.627300822253058868e+03
4.850835465539293789e-01 4.875042438960041080e-01 4.898912392205818644e-01 4.922483209512917846e-01 4.945767292524564374e-01 4.968828978722885092e-01 4.991625113570387073e-01 5.014234927207728010e-01 5.036626805190679290e-01 5.056377167160333030e-01 5.113122703435420968e-01 5.184789011691071092e-01 5.274918623487735436e-01 5.387774480380816966e-01 5.528203597184682128e-01 5.701769932821192377e-01 5.914532259453312291e-01 6.172866404877178637e-01 6.483238970752017716e-01
3.007468316293979149e-01 3.028527429507927304e-01 3.049292357250522056e-01 3.069792964226997212e-01 3.090041961983807650e-01 3.110092230751522746e-01 3.129936761174213489e-01 3.149578536592936295e-01 3.169055273386742200e-01 3.186213289508966207e-01 3.235542665876781632e-01 3.297821909449127897e-01 3.376126267616108012e-01 3.474082942983068301e-01 3.595950123599086501e-01 3.746427428204930354e-01 3.930694573286033777e-01 4.154183542618382075e-01 4.422304286729669132e-01
2.050678814299273511e-01 2.070129865431160066e-01 2.089325117307435364e-01 2.108266096764392916e-01 2.126996884281656119e-01 2.145520478701081479e-01 2.163849572523600107e-01 2.182009691602576351e-01 2.199999318168329721e-01 2.215859964793192860e-01 2.261434140049929931e-01 2.318962598109282069e-01 2.391281218527110952e-01 2.481739237499586970e-01 2.594200625556592477e-01 2.733040788155976508e-01 2.902959330434385921e-01 3.108911637025033037e-01 3.355833822053089222e-01
1.420736336685492762e-01 1.439156278227282648e-01 1.457325110474476382e-01 1.475260764647819134e-01 1.492980679609348382e-01 1.510522936968505814e-01 1.527876334802861780e-01 1.545064254542491688e-01 1.562084018853669709e-01 1.577105851253835789e-01 1.620230217843638965e-01 1.674676786535617967e-01 1.743113134036028133e-01 1.828692949717254657e-01 1.935077852302195534e-01 2.066354982240249660e-01 2.226965079422569826e-01 2.421554910174422426e-01 2.654735047349458532e-01
9.583469875630498680e-02 9.760215358518176121e-02 9.934453066527472453e-02 1.010643067983165166e-01 1.027635868811878350e-01 1.044454087650948243e-01 1.061106252123389243e-01 1.077584871952154133e-01 1.093908969830409000e-01 1.108310119241915359e-01 1.149667317836809560e-01 1.201877461269217212e-01 1.267484152192036861e-01 1.349519372842687137e-01 1.451470021220222506e-01 1.577251012535601515e-01 1.731094680397958219e-01 1.917416778424815560e-01 2.140634059702988534e-01
5.968312923701393768e-02 6.139163472773317282e-02 6.307635537254277502e-02 6.473879442412354412e-02 6.638236541807231161e-02 6.800892296509671031e-02 6.961695515402667456e-02 7.121115721872975368e-02 7.279014548155732234e-02 7.418080713702887574e-02 7.818031364105799963e-02 8.322606220007243427e-02 8.956760815448996937e-02 9.749551944339038267e-02 1.073467906762744922e-01 1.194980315266121890e-01 1.343568756937580377e-01 1.523502143424308175e-01 1.738954445148479522e-01
3.022138576735150170e-02 3.188274984310283944e-02 3.352041054559243283e-02 3.513709255006657040e-02 3.673517241868921868e-02 3.831535182402095313e-02 3.988003365523987848e-02 4.142773856648501035e-02 4.296358283659366256e-02 4.431656720296765772e-02 4.820355319023953561e-02 5.310829912763019578e-02 5.927155245388542049e-02 6.697578122903212472e-02 7.654792127933980617e-02 8.835497362530456145e-02 1.027890575205025608e-01 1.202614562483506622e-01 1.411814167914635099e-01
5.498141780298228601e-03 7.118739674305465427e-03 8.717500454237017346e-03 1.029462276917829551e-02 1.185500778981542387e-02 1.339812502569724326e-02 1.492494676779083755e-02 1.643653770289465674e-02 1.793452452022517227e-02 1.925511613922566492e-02 2.304864591199606155e-02 2.783488496079902438e-02 3.385011713993525684e-02 4.136877858475839637e-02 5.070871053155243113e-02 6.222576623066194967e-02 7.630450484812378864e-02 9.334404151610217748e-02 1.137395245582829700e-01
-1.349931853984135018e-02 -1.190834549146195347e-02 -1.033977228003865427e-02 -8.791792467613355685e-03 -7.260768679044181037e-03 -5.747062544823562831e-03 -4.248698889254024988e-03 -2.764961752217406227e-03 -1.295283655886795985e-03 0.000000000000000000e+00 3.721625298131337866e-03 8.418359989445518832e-03 1.432000718337873846e-02 2.169506188941693753e-02 3.085646373582782293e-02 4.215340212019039190e-02 5.596016073601712409e-02 7.266703620094715210e-02 9.266136063060152750e-02
-5.779594101885071611e-02 -5.627508712707234712e-02 -5.477618321892544634e-02 -5.329595194447168255e-02 -5.183422093525925922e-02 -5.038663311950844492e-02 -4.895592269853577677e-02 -4.753716267323426087e-02 -4.613265337096261048e-02 -4.489493933232646672e-02 -4.133840708586247747e-02 -3.685046306526349597e-02 -3.121407421507052873e-02 -2.416932733491645655e-02 -1.542000947049474574e-02 -4.636553440695782673e-03 8.538556267856831430e-03 2.447706408747090528e-02 4.354213755448172601e-02
-9.956208415027278935e-02 -9.810868545718737233e-02 -9.667386973015965057e-02 -9.525820287770907224e-02 -9.385956577296947212e-02 -9.247536082907807653e-02 -9.110511258254996858e-02 -8.974890738496422993e-02 -8.840655141153237750e-02 -8.722163595407918246e-02 -8.381978699761162555e-02 -7.952885982090188155e-02 -7.413806490507085512e-02 -6.740309470624002153e-02 -5.904121424102381360e-02 -4.873716853582046177e-02 -3.615232256070230465e-02 -2.093424794663863164e-02 -2.738300928517711438e-03
-1.388688760578327130e-01 -1.374759256817209840e-01 -1.361026239967889351e-01 -1.347467593271590158e-01 -1.334068194093311344e-01 -1.320818755034701142e-01 -1.307699336522075706e-01 -1.294714444974234546e-01 -1.281848435475049786e-01 -1.270510103807446778e-01 -1.237939165551697612e-01 -1.196854243851018240e-01 -1.145264852621941248e-01 -1.080804285489260080e-01 -1.000791368365086531e-01 -9.022339376629626151e-02 -7.818876517747809507e-02 -6.364337539061479254e-02 -4.625957003129764489e-02
-1.757647065064570358e-01 -1.744297519448178846e-01 -1.731130110737158778e-01 -1.718129778347973202e-01 -1.705286476768594905e-01 -1.692579885750030155e-01 -1.680002429825502575e-01 -1.667554510705308857e-01 -1.655218549999589728e-01 -1.644354196974432136e-01 -1.613124027844633490e-01 -1.573745698565452988e-01 -1.524296994407594863e-01 -1.462538654293153717e-01 -1.385895393426477551e-01 -1.291510857338162011e-01 -1.176313866179315160e-01 -1.037119358986406947e-01 -8.708512418644789865e-02
-2.102852440566376768e-01 -2.090028765170200975e-01 -2.077386733562189558e-01 -2.064901782015227394e-01 -2.052576461799535124e-01 -2.040374220419388929e-01 -2.028298842082692788e-01 -2.016345482712868231e-01 -2.004513909286855244e-01 -1.994076947281889500e-01 -1.964110458029275086e-01 -1.926305132958665289e-01 -1.878853653096593523e-01 -1.819603038373968917e-01 -1.746085358866459047e-01 -1.655578398841010823e-01 -1.545146945064194144e-01 -1.411788334445989168e-01 -1.252555659903687724e-01
-2.424447547642803458e-01 -2.412127506005266597e-01 -2.399964853041146873e-01 -2.387967787004790510e-01 -2.376109917142570915e-01 -2.364379171797632018e-01 -2.352768753901150478e-01 -2.341277370327217722e-01 -2.329895404370931900e-01 -2.319861570357906466e-01 -2.291050942754485620e-01 -2.254718662467883328e-01 -2.209117927097149492e-01 -2.152183268074742972e-01 -2.081557646948806739e-01 -1.994637561264101522e-01 -1.888626768419885693e-01 -1.760659982174657412e-01 -1.607941009091068130e-01
-2.722479839656152811e-01 -2.710606318434637951e-01 -2.698896564315487190e-01 -2.687337987739092382e-01 -2.675916084087173741e-01 -2.664619316744689104e-01 -2.653441342445825302e-01 -2.642372964337917907e-01 -2.631409083812563665e-01 -2.621748020051569705e-01 -2.594003370909961914e-01 -2.559028020281717275e-01 -2.515116581767522508e-01 -2.460312966201836093e-01 -2.392363566715499101e-01 -2.308746474840123186e-01 -2.206807128238365279e-01 -2.083813060448835852e-01 -1.937092606079315049e-01
-2.996876093288737830e-01 -2.985421085371781080e-01 -2.974121479434272408e-01 -2.962968360894571718e-01 -2.951940511576162662e-01 -2.941037497702852499e-01 -2.930254845142589715e-01 -2.919571756395232809e-01 -2.908993364661001668e-01 -2.899671375878778989e-01 -2.872902163068398740e-01 -2.839156580268479835e-01 -2.796805262520204449e-01 -2.743955978104389293e-01 -2.678444098142062080e-01 -2.597856829974940496e-01 -2.499648060827522056e-01 -2.381198833929912273e-01 -2.239974179229352880e-01
-3.247529952910173101e-01 -3.236450526569801811e-01 -3.225524913249977477e-01 -3.214734365057159704e-01 -3.204075918591387517e-01 -3.193533074498035584e-01 -3.183102832635830159e-01 -3.172776128880854807e-01 -3.162546382440610815e-01 -3.153534628309967447e-01 -3.127651574817722491e-01 -3.095027108166676921e-01 -3.054089979216136341e-01 -3.003022765243731351e-01 -2.939720226807440162e-01 -2.861888429059146199e-01 -2.767069056352875478e-01 -2.652756484734754006e-01 -2.516529865166376445e-01
