-1.137151416226614073e-02 -1.161249338824035630e-02 -1.185243351366360373e-02 -1.209307468709264199e-02 -1.233237072099890690e-02 -1.257233572017053477e-02 -1.281139229102760783e-02 -1.304934124818273554e-02 -1.328833635383024070e-02 -1.349931853984135018e-02 -1.411385638356598034e-02 -1.490371783941599193e-02 -1.591784091906010487e-02 -1.721551558202553608e-02 -1.887058841607906420e-02 -2.097319772706874447e-02 -2.362465790549916900e-02 -2.693289209494659220e-02 -3.100198426281200806e-02
-9.885653962968131772e-03 -1.011446064021846551e-02 -1.034261249857226436e-02 -1.057101321148360036e-02 -1.079881379538750845e-02 -1.102610958314871083e-02 -1.125352546151760398e-02 -1.148034525890201385e-02 -1.170714031268085473e-02 -1.190834549146195347e-02 -1.249413902952306761e-02 -1.324763756110944497e-02 -1.421313170158511156e-02 -1.545229795949944022e-02 -1.703727755033988822e-02 -1.905328688887453562e-02 -2.160608894327868332e-02 -2.480949935554510252e-02 -2.877620371232506372e-02
-8.410404314487049046e-03 -8.628381863167165419e-03 -8.847003360116097517e-03 -9.063642586132477849e-03 -9.281073648272524998e-03 -9.498757349787591286e-03 -9.715525239922397083e-03 -9.932098426318713286e-03 -1.014853886516895072e-02 -1.033977228003865427e-02 -1.089869272202413295e-02 -1.161805277061659855e-02 -1.254360299163416285e-02 -1.372922301005106635e-02 -1.524822682742075705e-02 -1.718704873981903580e-02 -1.964829516154332698e-02 -2.274942963475881999e-02 -2.661469988737831180e-02
-6.945012646699951810e-03 -7.153591593788892131e-03 -7.361758855500511942e-03 -7.569985788315804556e-03 -7.778537801039297692e-03 -7.985259726187870014e-03 -8.193877743818241827e-03 -8.400829924416963398e-03 -8.608311121197058033e-03 -8.791792467613355685e-03 -9.326546479012683480e-03 -1.001604221774402524e-02 -1.090241571459835829e-02 -1.204167923783624680e-02 -1.350170810204758508e-02 -1.536923828940911854e-02 -1.774363091119037991e-02 -2.074924444457026257e-02 -2.451263563074220636e-02
-5.489950292354704199e-03 -5.689369581177956131e-03 -5.888934083024035746e-03 -6.089559090953378974e-03 -6.288265295030640023e-03 -6.487942345590151129e-03 -6.686504740880929755e-03 -6.886001306910698345e-03 -7.085306964572558527e-03 -7.260768679044181037e-03 -7.774737433289140992e-03 -8.436868401544121016e-03 -9.289193914920907541e-03 -1.038517321586305241e-02 -1.179135764104510299e-02 -1.359172727609398237e-02 -1.588878871043254357e-02 -1.880153082145860285e-02 -2.246595401674882433e-02
-4.043107181585469528e-03 -4.236305247938057343e-03 -4.427865725737611079e-03 -4.620220020635263866e-03 -4.811080615219964079e-03 -5.003792642965892296e-03 -5.194245949826631521e-03 -5.386021990659160992e-03 -5.576928896186234691e-03 -5.747062544823562831e-03 -6.242345245793269257e-03 -6.880535472796061106e-03 -7.700492902247747622e-03 -8.756986448567592382e-03 -1.011387771782337741e-02 -1.185370041758661286e-02 -1.407584471048379041e-02 -1.690364216702372469e-02 -2.047299158010776679e-02
-2.606054697504913645e-03 -2.791387940047398639e-03 -2.977026612016637260e-03 -3.161321787674824593e-03 -3.346940698161252406e-03 -3.531487489260550731e-03 -3.715878894290062292e-03 -3.901505585475082902e-03 -4.085664021438887260e-03 -4.248698889254024988e-03 -4.725964267383637833e-03 -5.341481057270878498e-03 -6.133881159351199652e-03 -7.155349876557766560e-03 -8.465839614874848262e-03 -1.014974440072935816e-02 -1.230296567590928765e-02 -1.504946960337388666e-02 -1.852563818268395182e-02
-1.178733983234063996e-03 -1.358030854734060960e-03 -1.536353151747627552e-03 -1.714838731159468253e-03 -1.894393339446052288e-03 -2.071852353800531735e-03 -2.250359343321615014e-03 -2.428766048012143911e-03 -2.606778672729730562e-03 -2.764961752217406227e-03 -3.227381526489489245e-03 -3.821173079031406610e-03 -4.587773345419810661e-03 -5.574707132181901635e-03 -6.844705587824343428e-03 -8.475563763014034094e-03 -1.056556497454123889e-02 -1.323443964644688275e-02 -1.662371216717683717e-02
2.398655275002905673e-04 6.699516899072513194e-05 -1.061553702299904394e-04 -2.788782042265467885e-04 -4.515452814120063559e-04 -6.243914557368187993e-04 -7.977923565997551173e-04 -9.697250046022896355e-04 -1.142170354199588140e-03 -1.295283655886795985e-03 -1.741807781818232497e-03 -2.317732452415534588e-03 -3.060106930106270152e-03 -4.016627836850296569e-03 -5.248305728712414180e-03 -6.831275030671699923e-03 -8.860953476568744075e-03 -1.145751612318832331e-02 -1.476276031161716934e-02
1.493402336526327649e-03 1.325047832916843122e-03 1.157001312339578630e-03 9.881213992362196125e-04 8.199422972797909982e-04 6.527607900960719599e-04 4.847137256116325799e-04 3.160834478593365737e-04 1.487102028574538751e-04 0.000000000000000000e+00 -4.342573442762648448e-04 -9.955603054212208008e-04 -1.717022521642905209e-03 -2.649271960064713844e-03 -3.848391809454448833e-03 -5.390076508649016725e-03 -7.370851978757952602e-03 -9.906714079157588962e-03 -1.314086160418370501e-02
5.108127163993211005e-03 4.952068708815367086e-03 4.795561146231840273e-03 4.640033671686226609e-03 4.484091772427325172e-03 4.328216845208946416e-03 4.172518528920752742e-03 4.016501598700590418e-03 3.860286774409608587e-03 3.721625298131337866e-03 3.319071508064627956e-03 2.798440069532747310e-03 2.126728848729354197e-03 1.260126656511516893e-03 1.425180052211380902e-04 -1.296125552542881643e-03 -3.146148697256687370e-03 -5.522549286493387034e-03 -8.565373620305370694e-03
9.691967946166078762e-03 9.548809968301133835e-03 9.405692890053472116e-03 9.262420743364925546e-03 9.119069714926897677e-03 8.975739337391161823e-03 8.832785000078877125e-03 8.689302270949269408e-03 8.546132827876090285e-03 8.418359989445518832e-03 8.048386104343814226e-03 7.569588237586704141e-03 6.950317822655343279e-03 6.153473174279979786e-03 5.124175965832832025e-03 3.795505349197023526e-03 2.085744267060536932e-03 -1.168553202887602543e-04 -2.947078358407390682e-03
1.547806652875402533e-02 1.534732281683173077e-02 1.521785526883902284e-02 1.508711682293977299e-02 1.495685825027959909e-02 1.482696951468029552e-02 1.469640178067598696e-02 1.456630073042062233e-02 1.443536911507886308e-02 1.432000718337873846e-02 1.398128093585002119e-02 1.354537596782181587e-02 1.298303814447612607e-02 1.225499130778981947e-02 1.131566087799171227e-02 1.010423689815697496e-02 8.539518776625266983e-03 6.521079479998481004e-03 3.919736466142493582e-03
2.274029951506369857e-02 2.262231623380377143e-02 2.250443574974737154e-02 2.238762588440204940e-02 2.227029152263568582e-02 2.215188123482420349e-02 2.203524851938517062e-02 2.191755245230130392e-02 2.180016122353220509e-02 2.169506188941693753e-02 2.139124820338187197e-02 2.099657867992545113e-02 2.048910417795848579e-02 1.983230960733810277e-02 1.898359815410392490e-02 1.788691162733872450e-02 1.647049632321851212e-02 1.463994411632780525e-02 1.227580191707849412e-02
3.179148081117338931e-02 3.168617178908650356e-02 3.158151645420041037e-02 3.147567497640264833e-02 3.137139417980192718e-02 3.126636905491664981e-02 3.116105265284006137e-02 3.105605688532928760e-02 3.095083024950726416e-02 3.085646373582782293e-02 3.058404851328273832e-02 3.023221588894426173e-02 2.977730978572926471e-02 2.918937939278461180e-02 2.842865986054553262e-02 2.744616129756388342e-02 2.617411999448800847e-02 2.453040177852210818e-02 2.240492333296786875e-02
4.298302387436282040e-02 4.288907369990466872e-02 4.279624621877665264e-02 4.270342277828050037e-02 4.261015669009987628e-02 4.251673635611896013e-02 4.242246443939184236e-02 4.232941360349169041e-02 4.223613738734928458e-02 4.215340212019039190e-02 4.191080478455092018e-02 4.159848936106851081e-02 4.119384846970722269e-02 4.067124263919222327e-02 3.999537467832375848e-02 3.912082020466062238e-02 3.799059086999294343e-02 3.652692885423473174e-02 3.463167792034990006e-02
5.669158551550649433e-02 5.660940990488620012e-02 5.652801344126729549e-02 5.644446560684635017e-02 5.636320703155847656e-02 5.628038675911413435e-02 5.619835638880704004e-02 5.611611244672341098e-02 5.603375457479466831e-02 5.596016073601712409e-02 5.574681105681125043e-02 5.546946281491863667e-02 5.511356901020789817e-02 5.465193777085870092e-02 5.405501807537572978e-02 5.328321241147483678e-02 5.228450969025266737e-02 5.099144725841803227e-02 4.931509513420864743e-02
7.331024573195384086e-02 7.323776338109096173e-02 7.316596426732029090e-02 7.309389028089889606e-02 7.302162996701105913e-02 7.294823742208329798e-02 7.287593181584567370e-02 7.280464961252726408e-02 7.273252717618113039e-02 7.266703620094715210e-02 7.248042318227451708e-02 7.223757235258645992e-02 7.192513610950374003e-02 7.151916118462642302e-02 7.099611405045713752e-02 7.031955386766011729e-02 6.944285052157447846e-02 6.830812628701636580e-02 6.683798090450722429e-02
9.322207914006740148e-02 9.316001253658813541e-02 9.309652511712526723e-02 9.303338532006255601e-02 9.297107815814913134e-02 9.290794409729419279e-02 9.284496912944202596e-02 9.278146338619333577e-02 9.271886674133264505e-02 9.266136063060152750e-02 9.249866668067878439e-02 9.228715068995614612e-02 9.201467632356147286e-02 9.166161131448315180e-02 9.120470026562256527e-02 9.061451624479115174e-02 8.984956577366259856e-02 8.886105273173960928e-02 8.757891380462475006e-02
