6.382988751187683441e-02 6.449150054703572943e-02 6.515450967128209869e-02 6.581835708363782678e-02 6.648179180390496879e-02 6.714688792839235143e-02 6.781221760307111490e-02 6.847939329494069638e-02 6.914668112367106101e-02 6.974038730166401412e-02 7.147457136058378568e-02 7.372108779079887542e-02 7.663135050160151118e-02 8.040416320219968827e-02 8.529788481901807995e-02 9.164639764454811377e-02 9.988829342250810095e-02 1.105876496657253599e-01 1.244720923172007304e-01
5.992483911211624048e-02 6.065406485172219336e-02 6.138042693126695426e-02 6.211061092562781411e-02 6.283788246412494449e-02 6.356428989539619767e-02 6.429172625174843503e-02 6.501835586355624030e-02 6.574400382262138298e-02 6.638913515471568660e-02 6.826780362992351803e-02 7.069038236582994572e-02 7.381219877851478983e-02 7.783265692284921378e-02 8.300715060063897088e-02 8.966471319044964916e-02 9.822736415017811751e-02 1.092442910706786924e-01 1.234218536549813450e-01
5.173128767849009824e-02 5.251030218870509497e-02 5.328817315075402850e-02 5.406642913968767034e-02 5.484412816616840436e-02 5.562112442834164089e-02 5.639753094801840116e-02 5.717690200673477413e-02 5.795075518249707958e-02 5.863998950844832858e-02 6.064830454246241537e-02 6.323704225760826136e-02 6.657013873264687465e-02 7.086096170765765478e-02 7.637371598456615951e-02 8.344891699798615003e-02 9.251533646501899910e-02 1.041150557088953710e-01 1.189401996607272055e-01
4.251816995138348737e-02 4.331312465395172756e-02 4.410797772841397457e-02 4.490287810100841021e-02 4.569811654070882884e-02 4.649209968705025203e-02 4.728708520116745723e-02 4.808109163630236438e-02 4.887565038986480676e-02 4.958153926862143152e-02 5.163798294995986665e-02 5.429086725729955626e-02 5.771890562728149848e-02 6.214688849359555067e-02 6.784310062974813205e-02 7.516082643679945774e-02 8.454329795494072708e-02 9.654808061127699570e-02 1.118732114556788282e-01
3.322705752632355847e-02 3.402511390870407992e-02 3.482370547972440944e-02 3.562145048154072291e-02 3.641995201718615377e-02 3.721898424008848738e-02 3.801772563485766171e-02 3.881612067885262252e-02 3.961555370771391305e-02 4.032541150074125252e-02 4.239590318576221678e-02 4.506739260298019134e-02 4.851644573197087112e-02 5.296454990151253095e-02 5.869543280553835701e-02 6.608822830062502374e-02 7.560863266359417467e-02 8.780938655682336835e-02 1.034042577480936004e-01
2.422229025837770860e-02 2.501276157718216112e-02 2.580354742318771710e-02 2.659466720930068334e-02 2.738619679411674959e-02 2.817835970116666991e-02 2.897043725376987830e-02 2.976294633864066258e-02 3.055561670594112225e-02 3.125999871744510050e-02 3.331569199880633075e-02 3.597123079613055718e-02 3.940141409299792452e-02 4.383056534564162138e-02 4.954542283010175685e-02 5.691192575801309189e-02 6.639121517016834118e-02 7.861993589295646068e-02 9.428911899939546037e-02
1.564774754453844216e-02 1.642476876897927193e-02 1.720231845100830478e-02 1.798006692665606726e-02 1.875851085159705930e-02 1.953770405614593114e-02 2.031697819198804295e-02 2.109702715846699037e-02 2.187667807935409631e-02 2.257069963208720165e-02 2.459420814777270661e-02 2.721074115143581537e-02 3.059258320745142021e-02 3.496268852786868497e-02 4.060986958633054644e-02 4.790032975282313560e-02 5.729924637844580060e-02 6.939575585450073747e-02 8.497938126638580891e-02
7.550229309256016944e-03 8.309877852677133997e-03 9.070679754352904689e-03 9.832466401841880727e-03 1.059388880289791751e-02 1.135638345098122920e-02 1.211934055644658254e-02 1.288304194319185754e-02 1.364641299039637615e-02 1.432570011546321041e-02 1.630798743409557841e-02 1.887126449249522386e-02 2.218708366788517405e-02 2.647520628783636351e-02 3.202074214730284141e-02 3.918927443191563831e-02 4.844784794521527632e-02 6.038741359453284746e-02 7.574549061697280483e-02
-7.396244518194497247e-05 6.681427980156669352e-04 1.411172944597036474e-03 2.154379024453399478e-03 2.898253948406937126e-03 3.643021570507333842e-03 4.388229225682596310e-03 5.132546197879322286e-03 5.878800993850733479e-03 6.542240795177740875e-03 8.478009636817912531e-03 1.098241032992659967e-02 1.422133483502872192e-02 1.841331501656210540e-02 2.383729835676414929e-02 3.085561936953385917e-02 3.993330183989933502e-02 5.166148461138907882e-02 6.677909574718930708e-02
-6.471050984544641019e-03 -5.744985937439918422e-03 -5.017667344532761656e-03 -4.291347017125950007e-03 -3.563121617020231172e-03 -2.836057738920599956e-03 -2.106693553270749288e-03 -1.378380763941022434e-03 -6.482647725492902318e-04 0.000000000000000000e+00 1.892966991739055511e-03 4.342001716351153590e-03 7.511486952312546907e-03 1.161168433576989859e-02 1.691948648384207846e-02 2.379129545905983231e-02 3.268561323627505733e-02 4.419320940183240481e-02 5.905500802274638028e-02
-2.325857846740443657e-02 -2.258016936194307683e-02 -2.190126657029242696e-02 -2.122222820966114878e-02 -2.054213717949773116e-02 -1.986226984906879628e-02 -1.918199695515938538e-02 -1.850202450711202137e-02 -1.782033724634108154e-02 -1.721481537470339121e-02 -1.544817282266180980e-02 -1.316417748142767290e-02 -1.020890369243601659e-02 -6.370755003524247381e-03 -1.403844094290321439e-03 5.023893812804739074e-03 1.334844851729790130e-02 2.413459773793321175e-02 3.811309766134767657e-02
-4.173305995061856594e-02 -4.110191469399532282e-02 -4.047044401988544871e-02 -3.983886605326321384e-02 -3.920668422298066724e-02 -3.857432461636432081e-02 -3.794182530671316722e-02 -3.730904295774775670e-02 -3.667613733190048381e-02 -3.611276969175352541e-02 -3.447171814125982170e-02 -3.235134794484952753e-02 -2.961133499453471457e-02 -2.607232250425189912e-02 -2.150234714372864162e-02 -1.560258728365334496e-02 -7.984716445088968495e-03 1.889857792359173061e-03 1.468359694324498747e-02
-6.171122723797115017e-02 -6.113464011991899538e-02 -6.055757559310930016e-02 -5.998016726799577231e-02 -5.940189287004251500e-02 -5.882413367287029488e-02 -5.824561651457853956e-02 -5.766648934779096403e-02 -5.708727801717469741e-02 -5.657211610018386683e-02 -5.506890404814875073e-02 -5.312528339210052797e-02 -5.061214996816170569e-02 -4.736403313750927463e-02 -4.316845480079311431e-02 -3.775494596218849364e-02 -3.078308848090628019e-02 -2.182309440668555797e-02 -1.031742738298175102e-02
-8.264518157055443515e-02 -8.213567311070668620e-02 -8.162537488160907795e-02 -8.111437588870053228e-02 -8.060279301234013483e-02 -8.009068382518012841e-02 -7.957806339847274535e-02 -7.906489927076040813e-02 -7.855028895520375920e-02 -7.809376911082697992e-02 -7.675889590249949934e-02 -7.503020956253216023e-02 -7.279074915251811106e-02 -6.988893831001355417e-02 -6.612888008233076820e-02 -6.126025669343212327e-02 -5.496131827168303924e-02 -4.684081783268321392e-02 -3.642109770458391155e-02
-1.036065433442756173e-01 -1.031723737660562717e-01 -1.027375913064814406e-01 -1.023023334509571697e-01 -1.018664772617457054e-01 -1.014300466573140741e-01 -1.009930670745400327e-01 -1.005555261151023644e-01 -1.001175042358489614e-01 -9.972758882342100395e-02 -9.858886019803311807e-02 -9.711331156560480682e-02 -9.519938877760984741e-02 -9.271515820844411504e-02 -8.948881877715533784e-02 -8.529280828716628848e-02 -7.983518367117931058e-02 -7.273819359529062889e-02 -6.353300602861397528e-02
-1.237235979095923505e-01 -1.233607472357858836e-01 -1.229976000511626977e-01 -1.226343108918171859e-01 -1.222704882090895617e-01 -1.219063958443804552e-01 -1.215423118997844276e-01 -1.211775724883478178e-01 -1.208128237308722930e-01 -1.204881626587785137e-01 -1.195408102489591978e-01 -1.183149237410056898e-01 -1.167271942270210056e-01 -1.146695201877735160e-01 -1.120002484597548698e-01 -1.085341967470502961e-01 -1.040182735936824726e-01 -9.812010962572960404e-02 -9.042446519746644151e-02
-1.429836146018285403e-01 -1.426730997061048112e-01 -1.423630007683649723e-01 -1.420516601904562304e-01 -1.417427913770552828e-01 -1.414318591653967172e-01 -1.411217422960883983e-01 -1.408115001331286809e-01 -1.405012007938560847e-01 -1.402258447233347138e-01 -1.394213613219026093e-01 -1.383828501872001460e-01 -1.370418021968540789e-01 -1.353107612108815083e-01 -1.330746761001690981e-01 -1.301890297516032635e-01 -1.264612410604741832e-01 -1.216439416274926605e-01 -1.154085300036847561e-01
-1.619374375121663268e-01 -1.616627818178449083e-01 -1.613883649983623436e-01 -1.611150013368479184e-01 -1.608410535861775348e-01 -1.605671481326043371e-01 -1.602942841360292248e-01 -1.600204782498619582e-01 -1.597472862142912675e-01 -1.595044430024638304e-01 -1.587993247715724643e-01 -1.578864643905306120e-01 -1.567126473760882543e-01 -1.552015896770505554e-01 -1.532573810546830062e-01 -1.507638202259735383e-01 -1.475661497578356074e-01 -1.434743401331315948e-01 -1.382466009292792064e-01
-1.811477550241499535e-01 -1.809014937162305436e-01 -1.806550662275285268e-01 -1.804092320660956872e-01 -1.801633108731723609e-01 -1.799181954284954366e-01 -1.796723192551421544e-01 -1.794262448374634444e-01 -1.791807513237466953e-01 -1.789630858275684799e-01 -1.783282735725177370e-01 -1.775104975012032071e-01 -1.764566048545223864e-01 -1.751011673619728148e-01 -1.733598162338327864e-01 -1.711278071497022712e-01 -1.682745267438058301e-01 -1.646396951314572088e-01 -1.600311250358175397e-01
