-8.148088879874137991e-02 -7.068485781179521810e-02 -6.030618008236880018e-02 -5.032517448456057946e-02 -4.071872859127514954e-02 -3.146453136469703343e-02 -2.253984576155257727e-02 -1.392314734317798633e-02 -5.594699641093168856e-03 1.582877769352424111e-03 2.140227936768135039e-02 4.489124385509886406e-02 7.234655174892612450e-02 1.039979069813292134e-01 1.400108898229262544e-01 1.804898041104178175e-01 2.254980686030319259e-01 2.750680480742636047e-01 3.292278659986158096e-01
-8.145093731962183004e-02 -7.065695994118507961e-02 -6.027986100213043180e-02 -5.030056758826947222e-02 -4.069580520386920086e-02 -3.144310840672578933e-02 -2.252063296950580079e-02 -1.390448991226806742e-02 -5.576719877302638469e-03 1.599681663320675880e-03 2.141826946800372278e-02 4.490477137010291664e-02 7.235677852555422174e-02 1.040049482228026789e-01 1.400174875712246469e-01 1.804958071774738493e-01 2.255014567297436712e-01 2.750699861568540183e-01 3.292289315928321747e-01
-8.150068340296184877e-02 -7.070904324109829331e-02 -6.033191334016187873e-02 -5.035282410381632795e-02 -4.074848771841005357e-02 -3.149621148230453277e-02 -2.257333955926988864e-02 -1.395878500379428566e-02 -5.630233073771787403e-03 1.545682520957856977e-03 2.136341902866068648e-02 4.485075057894158390e-02 7.230303108375446541e-02 1.039531277555292982e-01 1.399649992072964366e-01 1.804449692489683010e-01 2.254527262579944791e-01 2.750235672619130156e-01 3.291859456161020381e-01
-8.161862079003502635e-02 -7.082630579078132149e-02 -6.045115920773384138e-02 -5.047125732191348746e-02 -4.086720352068863582e-02 -3.161509701300774244e-02 -2.269187605105155853e-02 -1.407649204115407095e-02 -5.748626749468551192e-03 1.427482867427295674e-03 2.124689985332149644e-02 4.473448761780510902e-02 7.218868932213463874e-02 1.038406147224098797e-01 1.398554045207115182e-01 1.803385620778074627e-01 2.253498134584052404e-01 2.749251627497579786e-01 3.290922137681474013e-01
-8.178756892573429971e-02 -7.099633439814688474e-02 -6.062048741681389658e-02 -5.064164927696300500e-02 -4.103633225723112704e-02 -3.178409088533645094e-02 -2.286061215532138660e-02 -1.424475989094563244e-02 -5.917303034247731880e-03 1.259880102631033560e-03 2.108036579950750208e-02 4.456833694484994834e-02 7.202401149808754233e-02 1.036788969882879857e-01 1.396976568509639971e-01 1.801842644996821119e-01 2.252003398322141581e-01 2.747818206016845455e-01 3.289547965904506266e-01
-8.199700919388755449e-02 -7.120516284291043829e-02 -6.082821549320638344e-02 -5.084938988723649439e-02 -4.124488464197550303e-02 -3.199217666601391480e-02 -2.306927093360123041e-02 -1.445365337669814870e-02 -6.124102990627600107e-03 1.052953502897812721e-03 2.087438018219481273e-02 4.436547464541561875e-02 7.182340342939609601e-02 1.034810529680090935e-01 1.395030968972804930e-01 1.799942858720297856e-01 2.250148842851992792e-01 2.746017570208074132e-01 3.287809838034012611e-01
-8.223521209000930754e-02 -7.144385442900372252e-02 -6.106839012956278429e-02 -5.108895497797624752e-02 -4.148434590119037813e-02 -3.223168520718413393e-02 -2.330780479685782072e-02 -1.469155491858969639e-02 -6.363760888713929260e-03 8.147918178883751215e-04 2.063666420500736773e-02 4.412967806903150825e-02 7.158971119926980931e-02 1.032504970949836148e-01 1.392760417156189423e-01 1.797718054453044112e-01 2.247979286345355154e-01 2.743900114640031584e-01 3.285756156537847361e-01
-8.249899073962703444e-02 -7.170791935226158986e-02 -6.133235052749499289e-02 -5.135317147086806977e-02 -4.174912515193186097e-02 -3.249657183344363542e-02 -2.357292263536043403e-02 -1.495614123007178026e-02 -6.626494278090255818e-03 5.510448368004786188e-04 2.037452665014052519e-02 4.386846855522872485e-02 7.133042059224693754e-02 1.029926648272040529e-01 1.390228960608662911e-01 1.795228503536987763e-01 2.245541805401927160e-01 2.741516753897766945e-01 3.283439442145292264e-01
-8.278215575100501822e-02 -7.199155987247606026e-02 -6.161625595221424667e-02 -5.163757749072869774e-02 -4.203346830645773857e-02 -3.278078125598739290e-02 -2.385647706921038835e-02 -1.523975937392422000e-02 -6.911212135572434266e-03 2.671462893765550058e-04 2.009107209968074778e-02 4.358619060794372002e-02 7.105002820721047219e-02 1.027144775260973447e-01 1.387475859207923379e-01 1.792508226628803936e-01 2.242880057080927358e-01 2.738908953636453036e-01 3.280898953224100079e-01
-8.304733517061377301e-02 -7.225721916242602849e-02 -6.188249582124218107e-02 -5.190427486804167351e-02 -4.230010882459607491e-02 -3.304733622964964312e-02 -2.412342660109419168e-02 -1.550680604217754242e-02 -7.178326380924363731e-03 0.000000000000000000e+00 1.982485251965681455e-02 4.332021923271268948e-02 7.078493019341927650e-02 1.024530961615719715e-01 1.384868161310980339e-01 1.789946154762653008e-01 2.240354798806340197e-01 2.736431274197800301e-01 3.278472865497325528e-01
-8.387305889984503215e-02 -7.308560706205424751e-02 -6.271300314962156841e-02 -5.273675739973496257e-02 -4.313415228680018282e-02 -3.388262978418496441e-02 -2.495880599471046735e-02 -1.634247239781660282e-02 -8.013959603573797899e-03 -8.368679947963655451e-04 1.898880692599295289e-02 4.248437461567555057e-02 6.995293389387224892e-02 1.016244991964198874e-01 1.376652897923923424e-01 1.781806627332358783e-01 2.232309750070151089e-01 2.728509418868066416e-01 3.270690479449452348e-01
-8.501341854363937689e-02 -7.423011501458605388e-02 -6.386177973398290963e-02 -5.388861029837934552e-02 -4.428880870486965465e-02 -3.503968275969242957e-02 -2.611934900034098422e-02 -1.750422485172688572e-02 -9.176835292924984122e-03 -2.000773940291819195e-03 1.782170882112929164e-02 4.131719596294256697e-02 6.878487181560620500e-02 1.004571320505733556e-01 1.365027351388275745e-01 1.770230566876669354e-01 2.220827371794565352e-01 2.717152961353264673e-01 3.259477700156347413e-01
-8.654014018906841521e-02 -7.576618091425223189e-02 -6.540559683601639140e-02 -5.543842875450486624e-02 -4.584448897677533691e-02 -3.660113665877506167e-02 -2.768405182661697050e-02 -1.907385706113528742e-02 -1.075032813404997768e-02 -3.576494652993408418e-03 1.623910694116937475e-02 3.972802579602261602e-02 6.719043070320397659e-02 9.886076195494961083e-02 1.349044419553441232e-01 1.754275225626958923e-01 2.204926432060117236e-01 2.701323323032377433e-01 3.243772156905572746e-01
-8.852828713588778431e-02 -7.776900047544450800e-02 -6.741986362785255815e-02 -5.746472998054263231e-02 -4.788132511611895015e-02 -3.864672728023068465e-02 -2.973834487212653060e-02 -2.113584696841860552e-02 -1.281901975337677163e-02 -5.651748345993503654e-03 1.414995718734539908e-02 3.762456705041988120e-02 6.507425725198218158e-02 9.673201546244841742e-02 1.327661636877794371e-01 1.732834950694687182e-01 2.183458091348613184e-01 2.679868587479362074e-01 3.222357085948766020e-01
-9.104576905765440764e-02 -8.030784951252051274e-02 -6.997948784137317246e-02 -6.004241586469712816e-02 -5.047529130032252925e-02 -4.125564324725121412e-02 -3.236143108859575179e-02 -2.377231728169140745e-02 -1.546645269340587124e-02 -8.308206596579648801e-03 1.146818970372595961e-02 3.491708705548381836e-02 6.233988158027142790e-02 9.397265932493308049e-02 1.299836886826966076e-01 1.704800111191159262e-01 2.155246519584379794e-01 2.651521057481746046e-01 3.193923382008992951e-01
-9.415107109659441587e-02 -8.344595239526156338e-02 -7.314616500544765532e-02 -6.323660800852883013e-02 -5.369405174788115936e-02 -4.449808771672306845e-02 -3.562439785022279010e-02 -2.705452132199540408e-02 -1.876719416097084869e-02 -1.162409904494967304e-02 8.112358949287541005e-03 3.151900333811997329e-02 5.889682535934883528e-02 9.048577801744663029e-02 1.264523718725630019e-01 1.669067126936231160e-01 2.119137684411116496e-01 2.615079807473302820e-01 3.157185263682703580e-01
-9.789095659909204106e-02 -8.722999093029507045e-02 -7.697261631301353935e-02 -6.710054513460711467e-02 -5.759397854152817353e-02 -4.842943248972420012e-02 -3.958693459092896966e-02 -3.104538045921179795e-02 -2.278488291860728682e-02 -1.566388229588600370e-02 4.014802272571543935e-03 2.735716174063320544e-02 5.466865661266701037e-02 8.618558817473911948e-02 1.220826612792545174e-01 1.624677873920412907e-01 2.074064768761643418e-01 2.569358238939762340e-01 3.110870915742172671e-01
-1.023009498890866259e-01 -9.169970800952273460e-02 -8.149778801442397747e-02 -7.167732462979176100e-02 -6.221781914597301899e-02 -5.309888769706908734e-02 -4.429740271372662602e-02 -3.579429839279262004e-02 -2.757049916080961741e-02 -2.048017628803316600e-02 -8.821535710293289603e-04 2.237130991233285404e-02 4.958596454479322069e-02 8.100184826531105220e-02 1.167942955015175421e-01 1.570731724442367694e-01 2.019084772541785977e-01 2.513366089235304912e-01 3.053883390892250249e-01
-1.074074115548011438e-01 -9.688422352729370024e-02 -8.675398526847340197e-02 -7.700019400757905641e-02 -6.760287917024972171e-02 -5.854146676595500115e-02 -4.979468389222650726e-02 -4.134264956598494856e-02 -3.316693203128952272e-02 -2.611750305075413725e-02 -6.626323127846452977e-03 1.650722369835677314e-02 4.359325143322574647e-02 7.487150980004644851e-02 1.105195476483899208e-01 1.506520603665596758e-01 1.953374882102816290e-01 2.446180341978678452e-01 2.985234626012042702e-01
