-3.291433676327077101e-03 -2.915316724917080184e-03 -2.541304960422659243e-03 -2.168114602524830441e-03 -1.796631757695985087e-03 -1.426475704049358275e-03 -1.058289004637320493e-03 -6.903588285732905651e-04 -3.241836943455658759e-04 6.486296764362655570e-11 9.383525587685338743e-04 2.136188038124148172e-03 3.657775199160369882e-03 5.581727829332889558e-03 7.997057734153829867e-03 1.099995933794606882e-02 1.468530439040172109e-02 1.913017206883388388e-02 2.436523199140064669e-02
-3.291433630759450172e-03 -2.915316692663543537e-03 -2.541304623636149104e-03 -2.168114557195612198e-03 -1.796631725808049002e-03 -1.426475658700525513e-03 -1.058321848079020727e-03 -6.903587923521379687e-04 -3.241836633277512029e-04 -8.448124200827044413e-11 9.383525887194741483e-04 2.136188258866032145e-03 3.657775242621142623e-03 5.581727877809750972e-03 7.997249022095557699e-03 1.099995936141568570e-02 1.468530435091826986e-02 1.913017202834159380e-02 2.436581183744953791e-02
-3.291433541504369849e-03 -2.915316654495689244e-03 -2.541303512681043417e-03 -2.168114520785997291e-03 -1.796631691967546986e-03 -1.426475670105525504e-03 -1.058283095644343931e-03 -6.903587731910665846e-04 -3.241836325995051918e-04 -1.465700532478426105e-10 9.383526196946219422e-04 2.136187642149164033e-03 3.657775272251575713e-03 5.581727900555244828e-03 7.997249620211484278e-03 1.099995938687628981e-02 1.468530419454514707e-02 1.913017186579835452e-02 2.436471894925360676e-02
-3.291433470690483844e-03 -2.915316622971938186e-03 -2.541302381808591311e-03 -2.168114756831542814e-03 -1.796631664628588415e-03 -1.426475607960701279e-03 -1.058271497635101697e-03 -6.903587387435219415e-04 -3.241836026875919677e-04 3.846814036603923716e-11 9.383526496823650252e-04 2.136188056920225713e-03 3.657775305961650809e-03 5.581727922051468900e-03 7.997649088289987204e-03 1.099995941860589313e-02 1.468530408698152413e-02 1.912975688203475896e-02 2.436616646653658180e-02
-3.291433404929692066e-03 -2.915316594091107733e-03 -2.541299080614034880e-03 -2.168114470485177359e-03 -1.796631632071530454e-03 -1.426475599206507945e-03 -1.058326502820460674e-03 -6.903587019118891457e-04 -3.241835722667093037e-04 2.681840227719171993e-10 9.383526795437250462e-04 2.136188804358724828e-03 3.657775314862448442e-03 5.581727955973867644e-03 7.998087784885532514e-03 1.099995944249004820e-02 1.468530125299644107e-02 1.913017137802000209e-02 2.436616876847106511e-02
-3.291433357174729755e-03 -2.915316570278132704e-03 -2.541297723037253854e-03 -2.168114476645385553e-03 -1.796631605146097000e-03 -1.426475545360898550e-03 -1.058276931351733070e-03 -6.903586756569931020e-04 -3.241835419103324405e-04 7.259841330881329936e-12 9.383527101929058306e-04 2.136188374099785674e-03 3.657775359777939040e-03 5.581727982028572912e-03 7.996910342173183320e-03 1.099995947651132878e-02 1.468530104189848598e-02 1.913017113044894121e-02 2.436592747181825364e-02
-3.291433296999255343e-03 -2.915316535548703302e-03 -2.541303687964899857e-03 -2.168114369739156892e-03 -1.796631575101734386e-03 -1.426475540280506063e-03 -1.058263102554534785e-03 -6.903586451962745191e-04 -3.241835130264687152e-04 2.031121693811233528e-10 9.383527388650528440e-04 2.136187721120513458e-03 3.657775414479110584e-03 5.581728079998617316e-03 7.997058064529388374e-03 1.099995949576743938e-02 1.468530081727593799e-02 1.913017084020573327e-02 2.436601845497634103e-02
-3.291433265413425038e-03 -2.915316519521929210e-03 -2.541301657522842747e-03 -2.168114396634258055e-03 -1.796631543650578037e-03 -1.426475506744536272e-03 -1.058276317066472825e-03 -6.903586191419734414e-04 -3.241834836083589484e-04 -5.190558051198448002e-11 9.383527680269591323e-04 2.136187318710715700e-03 3.657775449330676661e-03 5.581728129707560875e-03 7.997886311903878651e-03 1.099995952986940369e-02 1.468530061342892754e-02 1.912975699249588879e-02 2.436574492810021642e-02
-3.291433208001996562e-03 -2.915316475167982913e-03 -2.541298953166430327e-03 -2.168114856964049701e-03 -1.796631518322220570e-03 -1.426475468794869209e-03 -1.058278718966029893e-03 -6.903585881989775545e-04 -3.241834747067525000e-04 3.283303785542879289e-10 9.383527967725093432e-04 2.136187478992814057e-03 3.657775480610558991e-03 5.581728157586022566e-03 7.996825246562602740e-03 1.099995955975927552e-02 1.468530036756777492e-02 1.912975701889779376e-02 2.436598022778255213e-02
-3.291433171114957566e-03 -2.915316443973232138e-03 -2.541309111900097104e-03 -2.168114104978393231e-03 -1.796631493239956179e-03 -1.426475447793257734e-03 -1.058261146256605145e-03 -6.903585571672102295e-04 -3.241834490251294934e-04 0.000000000000000000e+00 9.383528227447120304e-04 2.136187448443526132e-03 3.657775470731860438e-03 5.581728186063641267e-03 7.997256924803098146e-03 1.099995958958807814e-02 1.468530026244951013e-02 1.913017010522899755e-02 2.436493100683418886e-02
-3.291433070911676129e-03 -2.915316368967274096e-03 -2.541302126773653264e-03 -2.168114230886956754e-03 -1.796631414781620214e-03 -1.426475387667527602e-03 -1.058277446500788211e-03 -6.903584879683972086e-04 -3.241833751673353181e-04 -4.263416741375478008e-10 9.383528951049187241e-04 2.136186641644874373e-03 3.657775587269481571e-03 5.581728146347241827e-03 7.997249200418467957e-03 1.099995965518426981e-02 1.468529974669361381e-02 1.913016949828850663e-02 2.436519673815509476e-02
-3.291432956640859362e-03 -2.915316279424849839e-03 -2.541302095712363006e-03 -2.168114509357540586e-03 -1.796631320999401678e-03 -1.426475266499032659e-03 -1.058277921263917629e-03 -6.903583984435654334e-04 -3.241832820257266345e-04 2.482347261728949455e-10 9.383529875351431142e-04 2.136187409890860731e-03 3.657775625230674788e-03 5.581728136913613469e-03 7.997252213570499660e-03 1.099995974666409353e-02 1.468529925150962798e-02 1.913016883159496598e-02 2.436491349160757255e-02
-3.291432799918918382e-03 -2.915316159202710304e-03 -2.541297759480031903e-03 -2.168114371047068570e-03 -1.796631208293104909e-03 -1.426475148022393570e-03 -1.058278840044742271e-03 -6.903582729628841407e-04 -3.241831654286549016e-04 3.198855706421864588e-10 9.383531047536145886e-04 2.136187504348470000e-03 3.657775761081027022e-03 5.581728302846748757e-03 7.997239201835461275e-03 1.099995986444572867e-02 1.468529859269105883e-02 1.912975730999413523e-02 2.436520843898445227e-02
-3.291432621574572580e-03 -2.915316020651402724e-03 -2.541298016685521015e-03 -2.168113864814785914e-03 -1.796631062719758129e-03 -1.426475003943601270e-03 -1.058281192422806747e-03 -6.903581293036830692e-04 -3.241830206182567996e-04 6.344535531979658722e-10 9.383532477386383663e-04 2.136187630950420711e-03 3.657775900680402918e-03 5.581728591854637558e-03 7.996934006540609013e-03 1.099995999844280078e-02 1.468529807865356744e-02 1.913016746081814407e-02 2.436546079484018176e-02
-3.291432441992685025e-03 -2.915315832426336549e-03 -2.541305150183733284e-03 -2.168113684551643393e-03 -1.796630881506418222e-03 -1.426474826921524585e-03 -1.058255797754237152e-03 -6.903579619018768935e-04 -3.241828421895883664e-04 8.633824236696955874e-10 9.383534263755858315e-04 2.136187958679823355e-03 3.657776090978756382e-03 5.581728593212900887e-03 7.996780346447697127e-03 1.099996016983102905e-02 1.468529753078386471e-02 1.913016680579247841e-02 2.436513280928326308e-02
-3.291432177216148825e-03 -2.915315613901917503e-03 -2.541301125258097881e-03 -2.168113925776867651e-03 -1.796630663879823743e-03 -1.426474628320316624e-03 -1.058282877376128580e-03 -6.903577330888742772e-04 -3.241826257536224287e-04 1.095682786941541980e-09 9.383536405748768398e-04 2.136188298422481407e-03 3.657776349007655844e-03 5.581728891690209728e-03 7.997210904487111333e-03 1.099996045593514341e-02 1.468531456380450621e-02 1.913016623822300782e-02 2.436581401844867614e-02
-3.291431898322940384e-03 -2.915315352976725026e-03 -2.541303158397268357e-03 -2.168113325843858130e-03 -1.796630402498034917e-03 -1.426474369605511402e-03 -1.058305521091395781e-03 -6.903574702822946104e-04 -3.241823461203150337e-04 1.512657158705635626e-09 9.383538990773587383e-04 2.136187747496130426e-03 3.657776553320766545e-03 5.581729124688813645e-03 7.997673070162939976e-03 1.099996063142788527e-02 1.468531411491955097e-02 1.913016575826139570e-02 2.436490879738834395e-02
-3.291431396502939033e-03 -2.915315067166223458e-03 -2.541300119161008994e-03 -2.168113306309906417e-03 -1.796630101810540699e-03 -1.426474054518651153e-03 -1.058280327778373438e-03 -6.903571687849383411e-04 -3.241820622435735298e-04 1.689038827682068439e-09 9.383542024451827640e-04 2.136187870087191860e-03 3.657776854182568163e-03 5.581729421950015410e-03 7.996876333207249971e-03 1.099996092466889487e-02 1.468531379045386054e-02 1.913016535556445394e-02 2.436580212877649185e-02
-3.291431003114457521e-03 -2.915314691043675421e-03 -2.541300240720380937e-03 -2.168112576582208878e-03 -1.796629750045526880e-03 -1.426473688720276273e-03 -1.058264729636393788e-03 -6.903568288058934245e-04 -3.241817118153881997e-04 1.359220770093985816e-09 9.383545510148309527e-04 2.136187982510390649e-03 3.657777231748106025e-03 5.581729702354360119e-03 7.997240246284823342e-03 1.099996126582400945e-02 1.468531353991552740e-02 1.913016510646506699e-02 2.436514163714314715e-02
