3.012202369670120561e-01 3.193120317247268303e-01 3.367250751128788577e-01 3.534936278239054763e-01 3.696540930819935955e-01 3.852439517909010402e-01 4.003009221654527661e-01 4.148600121086656323e-01 4.289525547974528674e-01 4.411121493317965991e-01 4.747728144070131329e-01 5.148165982845013255e-01 5.618398461779818831e-01 6.163525950845329948e-01 6.787819863654147579e-01 7.494880453336071335e-01 8.287939675353529489e-01 9.170324292842945146e-01 1.014580091525070005e+00
2.348459025426845592e-01 2.511362330222183248e-01 2.668021037643416582e-01 2.818744759816707024e-01 2.963879682862466391e-01 3.103782940577890503e-01 3.238781223468574222e-01 3.369213955050864295e-01 3.495368451759712225e-01 3.604148719434732140e-01 3.904899530402353713e-01 4.261984444383997150e-01 4.680308465737436086e-01 5.163971111587593033e-01 5.716113919150997980e-01 6.339213895139517163e-01 7.035224154108885575e-01 7.805951566838710276e-01 8.653426339964619407e-01
1.560761285010605903e-01 1.706876935795633710e-01 1.847374283083727253e-01 1.982494502121752711e-01 2.112573823266801487e-01 2.237922867823680384e-01 2.358844666466630713e-01 2.475629320691331847e-01 2.588551738521120416e-01 2.685894926449063358e-01 2.954882188824307643e-01 3.273972418350911684e-01 3.647406337429326961e-01 4.078626604386305088e-01 4.570192477873029624e-01 5.123976182243885624e-01 5.741343665162823573e-01 6.423447691740741261e-01 7.171516539542418522e-01
9.562166833676773170e-02 1.091558365831925559e-01 1.221671935858186925e-01 1.346810507974739446e-01 1.467257969090085545e-01 1.583299654638158360e-01 1.695237496136201005e-01 1.803340910057769364e-01 1.907850870970728696e-01 1.997916946075239397e-01 2.246763442370597053e-01 2.541839598433449643e-01 2.887009497498709831e-01 3.285320813786496985e-01 3.739071976482917226e-01 4.249814036564564246e-01 4.818629825985156212e-01 5.446358619072358964e-01 6.133843629968624978e-01
4.922761501922350708e-02 6.199893987774056370e-02 7.427667630582950042e-02 8.608377760742914886e-02 9.744795170028813791e-02 1.083976813634793118e-01 1.189569516489426271e-01 1.291539878992960522e-01 1.390113641299108305e-01 1.475058493112480773e-01 1.709731614077571182e-01 1.987916021340969952e-01 2.313241780661958180e-01 2.688533912347089161e-01 3.115848052819074621e-01 3.596600978607972232e-01 4.131690036346963302e-01 4.721783521904192593e-01 5.367506554627420323e-01
1.223957603968480953e-02 2.443044922614117515e-02 3.615119934932003315e-02 4.742302311465713960e-02 5.827171979205592045e-02 6.872265237698849116e-02 7.880226949526643321e-02 8.853475917917159876e-02 9.794208697564045496e-02 1.060499656857189221e-01 1.284442343828693101e-01 1.549890826965392154e-01 1.860263606076766052e-01 2.218209323405845312e-01 2.625698786894919978e-01 3.083979207472578588e-01 3.593871396027500387e-01 4.155923071335341779e-01 4.770638289128328879e-01
-1.818930605397091685e-02 -6.457887676206448303e-03 4.819105413353850023e-03 1.566544698103740016e-02 2.610348481116856606e-02 3.615990344077483348e-02 4.585963455047726428e-02 5.522435701420708859e-02 6.427626988021395427e-02 7.207788894720917883e-02 9.362448825970372257e-02 1.191624745697506677e-01 1.490170503272917890e-01 1.834477170092273790e-01 2.226340589451385743e-01 2.666974514226818638e-01 3.157113030061508563e-01 3.697224452262620198e-01 4.287728265839210184e-01
-4.383141548446622265e-02 -3.247824253816913170e-02 -2.156325121533427328e-02 -1.106608677118513760e-02 -9.640662505384684118e-04 8.769694170466909439e-03 1.815658880829942173e-02 2.722059156752161882e-02 3.598199935758599616e-02 4.353207630784889509e-02 6.438448091372082904e-02 8.910001974725878515e-02 1.179917767236550452e-01 1.513078012325127786e-01 1.892222100940414153e-01 2.318498739931622588e-01 2.792577456014440074e-01 3.314875799951762514e-01 3.885772969207552663e-01
-6.585343810659051444e-02 -5.481881292428900793e-02 -4.420957970392729725e-02 -3.400598864923933679e-02 -2.418537487506886366e-02 -1.472342319157793518e-02 -5.598369403780165295e-03 3.211341331263587243e-03 1.172913278599466320e-02 1.906817865143590682e-02 3.933958684013564439e-02 6.336423232479915235e-02 9.144823212769445653e-02 1.238318327583545486e-01 1.606819623817547504e-01 2.021077773694255342e-01 2.481738166677720514e-01 2.989183579284713788e-01 3.543727523062943363e-01
-8.304733517061377301e-02 -7.225721916242602849e-02 -6.188249582124218107e-02 -5.190427486804167351e-02 -4.230010882459607491e-02 -3.304733622964964312e-02 -2.412342660109419168e-02 -1.550680604217754242e-02 -7.178326380924363731e-03 0.000000000000000000e+00 1.982485251965681455e-02 4.332021923271268948e-02 7.078493019341927650e-02 1.024530961615719715e-01 1.384868161310980339e-01 1.789946154762653008e-01 2.240354798806340197e-01 2.736431274197800301e-01 3.278472865497325528e-01
-1.239174324082653461e-01 -1.136961586080926234e-01 -1.038683842375335981e-01 -9.441505801914081009e-02 -8.531567072133992846e-02 -7.654876705181384855e-02 -6.809286675965230129e-02 -5.992885982259568006e-02 -5.203618721690136950e-02 -4.523348896025460725e-02 -2.644750290231115408e-02 -4.181669684532029856e-03 2.184511281748659911e-02 5.185252093604152818e-02 8.599540493509022498e-02 1.243707364119020914e-01 1.670321738487670904e-01 2.140093350591682764e-01 2.653221925745611887e-01
-1.632869661451698540e-01 -1.536030851299595434e-01 -1.442899859101890447e-01 -1.353311541738096146e-01 -1.267065891273778666e-01 -1.183967499445884863e-01 -1.103811619287373841e-01 -1.026412694414194082e-01 -9.515880869594928182e-02 -8.871078966891007833e-02 -7.090016897780444804e-02 -4.979056662330760136e-02 -2.511434234549467237e-02 3.335330906652046474e-03 3.570404871943851782e-02 7.208118264705454248e-02 1.125159889906658939e-01 1.570309524449052807e-01 2.056422576544802427e-01
-2.009921846666445633e-01 -1.918141878724788640e-01 -1.829861161553422710e-01 -1.744926542767818722e-01 -1.663154374216400111e-01 -1.584362999116105397e-01 -1.508350751626451047e-01 -1.434952673246670529e-01 -1.363991339147417325e-01 -1.302835765469425311e-01 -1.133910286105797999e-01 -9.336813310068343974e-02 -6.996151603190881030e-02 -4.297495517926514658e-02 -1.227326928781717272e-02 2.222931695723107809e-02 6.057312991585588058e-02 1.027799520014780060e-01 1.488611850905470213e-01
-2.369885874081658073e-01 -2.282883005844759949e-01 -2.199172116621660455e-01 -2.118628859869421954e-01 -2.041084257601090135e-01 -1.966338174953515816e-01 -1.894237241289154494e-01 -1.824609282669721610e-01 -1.757284358029595761e-01 -1.699273557875522755e-01 -1.538995365984716923e-01 -1.348999878646829353e-01 -1.126873793229138110e-01 -8.707836336193920668e-02 -5.794360500154806248e-02 -2.520626480106574752e-02 1.117607392134650074e-02 5.121479493397033955e-02 9.491817775525940304e-02
-2.713037996604075741e-01 -2.630543068280157271e-01 -2.551154473986297910e-01 -2.474765488026360594e-01 -2.401190641785216351e-01 -2.330274517090232533e-01 -2.261865970516558078e-01 -2.195792424431637913e-01 -2.131903266369341576e-01 -2.076841301052953226e-01 -1.924716887812456811e-01 -1.744379442526604318e-01 -1.533520355478241726e-01 -1.290405596587189951e-01 -1.013823135024564392e-01 -7.030448869779755416e-02 -3.577190082203477589e-02 2.225912825709402791e-03 4.369542259082049435e-02
-3.040000185786934095e-01 -2.961763165191665381e-01 -2.886468714636018507e-01 -2.813990872517604380e-01 -2.744187625595061464e-01 -2.676900219080984855e-01 -2.611970508982988104e-01 -2.549250373844206830e-01 -2.488605910895130835e-01 -2.436335607391344471e-01 -2.291911618882713497e-01 -2.120672924866660036e-01 -1.920449908457136090e-01 -1.689587529696419399e-01 -1.426919134810299139e-01 -1.131796514671449955e-01 -8.038890654227154320e-02 -4.431151421710017441e-02 -4.946912638789178161e-03
-3.351521626957847944e-01 -3.277323084219951332e-01 -3.205894365897341558e-01 -3.137125452012486382e-01 -3.070884868945111812e-01 -3.007022537436582210e-01 -2.945388869937592413e-01 -2.885853882397570458e-01 -2.828278194139094981e-01 -2.778648798702784695e-01 -2.641504583498349712e-01 -2.478861734770046732e-01 -2.288676762405253973e-01 -2.069364932457823936e-01 -1.819839796554676703e-01 -1.539489132549687611e-01 -1.228007868213557424e-01 -8.853490233368835338e-02 -5.115271092739433201e-02
-3.648375178583382339e-01 -3.578010560708262400e-01 -3.510255902606194689e-01 -3.445003034216757021e-01 -3.382135171256258621e-01 -3.321515739638387643e-01 -3.263004348946438871e-01 -3.206477023323819342e-01 -3.151809271387444600e-01 -3.104673493508674498e-01 -2.974407682131637864e-01 -2.819911459821241029e-01 -2.639215677318301756e-01 -2.430815204391757745e-01 -2.193693366467327210e-01 -1.927277613127063305e-01 -1.631299747398432254e-01 -1.305723781017333329e-01 -9.506031793318261980e-02
-3.931294716552691249e-01 -3.864571276992367355e-01 -3.800300626379622959e-01 -3.738390415069192119e-01 -3.678727345585766084e-01 -3.621186945556640890e-01 -3.565639698563634052e-01 -3.511964036891701002e-01 -3.460044292214528583e-01 -3.415277486611065783e-01 -3.291537179814088554e-01 -3.144745401267666218e-01 -2.973015403569299608e-01 -2.774941029903987832e-01 -2.549551900334487975e-01 -2.296285527877502952e-01 -2.014934473164509132e-01 -1.705483628849218392e-01 -1.368007154885078624e-01
