9.627300822253058868e+03 9.627300822253058868e+03 9.627300822253058868e+03 9.627300822253058868e+03 9.627300822253058868e+03 9.627300822253058868e+03 9.627300822253058868e+03 9.627300822253058868e+03 9.627300822253058868e+03 9.627300822253058868e+03 9.627300822253058868e+03 9.627300822253058868e+03 9.627300822253058868e+03 9.627300822253058868e+03 9.627300822253058868e+03 9.627300822253058868e+03 9.627300822253058868e+03 9.627300822253058868e+03 9.627300822253058868e+03
1.341354759300173338e+00 1.145726044744934669e+00 9.633933268149356133e-01 8.391428283147285283e-01 7.485482755160991486e-01 6.785934965019936316e-01 6.223483450063596045e-01 5.757417209860840046e-01 5.362156304844430954e-01 5.056377167160333030e-01 4.337799984521602537e-01 3.654269262760426740e-01 3.005651551920581754e-01 2.390735400165237001e-01 1.807879035532564960e-01 1.255296394344329325e-01 7.312359930604726832e-02 2.340901280399374992e-02 -2.376747462831366522e-02
9.956397943437603759e-01 8.490793443811955887e-01 7.031144652140425277e-01 6.007153018549770129e-01 5.250347650278189837e-01 4.660698270754229378e-01 4.183541458723096240e-01 3.786335818048157664e-01 3.448338208389513659e-01 3.186213289508966207e-01 2.568390098986526593e-01 1.978748096261146172e-01 1.417859956664321852e-01 8.851304338337227795e-02 3.794078180080041884e-02 -1.006861382677565371e-02 -5.565524586153016567e-02 -9.895372393953087709e-02 -1.400905672729740314e-01
8.226794629573478401e-01 6.982697240057960109e-01 5.697214620774898597e-01 4.779814253808453706e-01 4.096661240394891546e-01 3.561783027782184918e-01 3.127431299617809968e-01 2.764930388223446611e-01 2.455859968449145281e-01 2.215859964793192860e-01 1.649192301285731521e-01 1.107369101125588590e-01 5.912599337450193115e-02 1.005620426365750643e-02 -3.656638939903095881e-02 -8.085983308424557481e-02 -1.229480268218589578e-01 -1.629528440515006227e-01 -2.009876965755751921e-01
7.108800654125768670e-01 5.999934508850355286e-01 4.824426956554770385e-01 3.975051956648941176e-01 3.339181614895470607e-01 2.839636079159169602e-01 2.432976113434123233e-01 2.092991027702777729e-01 1.802730482988379734e-01 1.577105851253835789e-01 1.043746010065824126e-01 5.330841307749944330e-02 4.618965861343571171e-03 -4.170882252571406212e-02 -8.575278606601516307e-02 -1.276190177571238094e-01 -1.674213796193421144e-01 -2.052733553671941269e-01 -2.412807297213107049e-01
6.297906686738967696e-01 5.283363442984008174e-01 4.186374594150285566e-01 3.385913496231507391e-01 2.784170259771093225e-01 2.310224127390491378e-01 1.923685779804051865e-01 1.600055875715046816e-01 1.323469537133134533e-01 1.108310119241915359e-01 5.992139392582369189e-02 1.112660205225915987e-02 -3.543240628311981194e-02 -7.975922013690035783e-02 -1.219217203032058466e-01 -1.620174492906674146e-01 -2.001533024720741072e-01 -2.364353506933958571e-01 -2.709626454724157196e-01
5.669371916243117759e-01 4.725811051530810492e-01 3.688969126021789946e-01 2.926191701826163505e-01 2.350817250109151213e-01 1.896675090466767022e-01 1.525722435441577152e-01 1.214793807298670397e-01 9.488388302617133119e-02 7.418080713702887574e-02 2.515833743221887464e-02 -2.187029641493198895e-02 -6.677222912473530780e-02 -1.095429901691929858e-01 -1.502419593282582899e-01 -1.889601891509026799e-01 -2.257986894386198873e-01 -2.608582249574419309e-01 -2.942347022622128772e-01
5.160595229664481920e-01 4.273146910925371134e-01 3.284545891627643210e-01 2.552105915776191059e-01 1.998012739529219650e-01 1.559885921671659292e-01 1.201567072233589439e-01 9.009261546913815977e-02 6.435843463086278471e-02 4.431656720296765772e-02 -3.177730854426108562e-03 -4.877077225095367841e-02 -9.232922076632497921e-02 -1.338368643319690909e-01 -1.733490484122738595e-01 -2.109482873056880980e-01 -2.467343906185770208e-01 -2.808020063642605035e-01 -3.132437793501883228e-01
4.735966843263929027e-01 3.894427553699236766e-01 2.945782939386031307e-01 2.238583658658478137e-01 1.702195271316881142e-01 1.277424197843056719e-01 9.296403942263135878e-02 6.375978008880614500e-02 3.874613267526562377e-02 1.925511613922566492e-02 -2.695957731258942155e-02 -7.135456644268976800e-02 -1.137880147942955666e-01 -1.542407656025245322e-01 -1.927582189942592394e-01 -2.294237188215069168e-01 -2.643295872275668867e-01 -2.975673514877580361e-01 -3.292270473240048179e-01
4.411121493317965991e-01 3.604148719434732140e-01 2.685894926449063358e-01 1.997916946075239397e-01 1.475058493112480773e-01 1.060499656857189221e-01 7.207788894720917883e-02 4.353207630784889509e-02 1.906817865143590682e-02 0.000000000000000000e+00 -4.523348896025460725e-02 -8.871078966891007833e-02 -1.302835765469425311e-01 -1.699273557875522755e-01 -2.076841301052953226e-01 -2.436335607391344471e-01 -2.778648798702784695e-01 -3.104673493508674498e-01 -3.415277486611065783e-01
3.658344009968739763e-01 2.929633452407166549e-01 2.081191125352468141e-01 1.437580677827776932e-01 9.459685047106386468e-02 5.550372298021291617e-02 2.339852086300435105e-02 -3.621752119287329798e-03 -2.680607966587053234e-02 -4.489493933232646672e-02 -8.785369195420093813e-02 -1.291999150974597610e-01 -1.687725408124184090e-01 -2.065380267141797010e-01 -2.425297209032786505e-01 -2.768170153022968538e-01 -3.094829692564591284e-01 -3.406090221761219894e-01 -3.702774418678031476e-01
2.954424526294693876e-01 2.296572237031481722e-01 1.512691581519992334e-01 9.103081676469507166e-02 4.477875641485477842e-02 7.887818358291741327e-03 -2.247123445496610611e-02 -4.806419864747451393e-02 -7.005168733370899237e-02 -8.722163595407918246e-02 -1.280494175432206616e-01 -1.673983366616075275e-01 -2.050978962121934590e-01 -2.411039080519082056e-01 -2.754416861615923140e-01 -3.081712652184096513e-01 -3.393691154785580255e-01 -3.691117634288629268e-01 -3.974733997340871294e-01
2.297036776947179448e-01 1.703320796429757811e-01 9.791346041824386393e-02 4.150393515996770449e-02 -2.042876179476338198e-03 -3.687997437356311387e-02 -6.561192318348157970e-02 -8.987092935417327622e-02 -1.107397191132121067e-01 -1.270510103807446778e-01 -1.658855754874758448e-01 -2.033656255744573371e-01 -2.393140823813218465e-01 -2.736751072488101677e-01 -3.064660114018726844e-01 -3.377383044133333567e-01 -3.675624411738921959e-01 -3.960082392549047481e-01 -4.231441171983776339e-01
1.684321878201970324e-01 1.148557942954086392e-01 4.795407343539252742e-02 -4.903112861517217209e-03 -4.593857820978290707e-02 -7.886675990218318388e-02 -1.060817812691514511e-01 -1.290987712655917163e-01 -1.489235888098747740e-01 -1.644354196974432136e-01 -2.014095200629143767e-01 -2.371462737541245036e-01 -2.714600102441640517e-01 -3.042860849406360257e-01 -3.356323466820171353e-01 -3.655453095765086591e-01 -3.940856839894187336e-01 -4.213191972950658948e-01 -4.473067484578246433e-01
1.114778144730300818e-01 6.312730374133479483e-02 1.317877821290217542e-03 -4.824734328441491332e-02 -8.695718719933016871e-02 -1.181160734183443473e-01 -1.439237192536735876e-01 -1.657861321924921083e-01 -1.846414253826206275e-01 -1.994076947281889500e-01 -2.346518158964881751e-01 -2.687669593556321623e-01 -3.015597025364459838e-01 -3.329574161392560017e-01 -3.629600041620163475e-01 -3.916059705973833349e-01 -4.189502551729046842e-01 -4.450510771808993127e-01 -4.699649623678293087e-01
5.873098518188403505e-02 1.507433671895274177e-02 -4.204607060028154458e-02 -8.856861282606934282e-02 -1.251298748446077469e-01 -1.546540663908807234e-01 -1.791604017170540797e-01 -1.999535092707130091e-01 -2.179093474882391190e-01 -2.319861570357906466e-01 -2.656274323413230221e-01 -2.982388694004048935e-01 -3.296219819611821977e-01 -3.596954741327954563e-01 -3.884514767777446087e-01 -4.159212037511633708e-01 -4.421530460319249567e-01 -4.671995738557591094e-01 -4.911114633430476717e-01
1.011194461569524077e-02 -2.935112913699860007e-02 -8.216834117193684561e-02 -1.258871169811743296e-01 -1.604714320216799328e-01 -1.884902055726042081e-01 -2.117979870453227387e-01 -2.316069392956030260e-01 -2.487344008042961796e-01 -2.621748020051569705e-01 -2.943373991953836533e-01 -3.255614564379783471e-01 -3.556436025229581799e-01 -3.844946649177748421e-01 -4.120988175762354544e-01 -4.384805841713472763e-01 -4.636820483408792271e-01 -4.877502184310418265e-01 -5.107303893455087396e-01
-3.443413440915465279e-02 -7.017665195228564579e-02 -1.190650206121438154e-01 -1.602101671681794848e-01 -1.929835590323785155e-01 -2.196252075194537468e-01 -2.418353742191988731e-01 -2.607421700562209121e-01 -2.771106384871440120e-01 -2.899671375878778989e-01 -3.207724667949759523e-01 -3.507243310329963282e-01 -3.796126162746639721e-01 -4.073414304585698531e-01 -4.338867481443322016e-01 -4.592668483125628143e-01 -4.835185145532703288e-01 -5.066828398309671799e-01 -5.288004925965696934e-01
-7.494920321190344514e-02 -1.074184631698737041e-01 -1.527451056137670571e-01 -1.915411305080200466e-01 -2.226657748510185997e-01 -2.480540132645446538e-01 -2.692656510447781759e-01 -2.873515345083929584e-01 -3.030277993284607452e-01 -3.153534628309967447e-01 -3.449225386340901700e-01 -3.737148091040434772e-01 -4.015141297003565479e-01 -4.282183396604272718e-01 -4.537966023801369708e-01 -4.782611040586745577e-01 -5.016423709324078217e-01 -5.239770596831393457e-01 -5.453012354390580629e-01
