-9.768208977428584697e-03 -9.042996244794061084e-03 -8.316759909470401724e-03 -7.589173308037867188e-03 -6.861320590553074070e-03 -6.132260908862689590e-03 -5.402714144852121918e-03 -4.672215169923154068e-03 -3.941185682943481976e-03 -3.291433171114957566e-03 -1.392669848565334777e-03 1.064286482937823854e-03 4.244658951597111984e-03 8.362556606065389003e-03 1.369619542299205586e-02 2.060280487601260160e-02 2.954669789963952631e-02 4.112252808774916057e-02 5.607812592152499470e-02
-9.392499222606657400e-03 -8.666109472038961703e-03 -7.940102041102868602e-03 -7.213228430863651529e-03 -6.484952824245393717e-03 -5.756775252941749577e-03 -5.026539357946899558e-03 -4.295830417094861735e-03 -3.564758387871457945e-03 -2.915316443973232138e-03 -1.017525363569746384e-03 1.438765357978469186e-03 4.618776343342044684e-03 8.734728813966759209e-03 1.406460469321544997e-02 2.096796567437264613e-02 2.990640028710798287e-02 4.147368075192994774e-02 5.641962181451679742e-02
-9.018129988665957858e-03 -8.292916372323801133e-03 -7.566258442108611190e-03 -6.838448954579487947e-03 -6.110730186288286861e-03 -5.381736699723985162e-03 -4.651939989247207488e-03 -3.921418763649309018e-03 -3.190673196958623663e-03 -2.541309111900097104e-03 -6.444139101303745327e-04 1.812649957532875850e-03 4.990441922063122010e-03 9.104063917809683201e-03 1.443247524056077806e-02 2.133093719922741355e-02 3.026426396780017292e-02 4.182434694246704027e-02 5.675926762832352729e-02
-8.645353728002815735e-03 -7.918792762991273479e-03 -7.193301502689310352e-03 -6.465093530278181490e-03 -5.736323494441987990e-03 -5.008205667204643913e-03 -4.278587379101801529e-03 -3.548551730263988652e-03 -2.817480591278678607e-03 -2.168114104978393231e-03 -2.703628570710335673e-04 2.183537794356845644e-03 5.361050269542430059e-03 9.472911478050816472e-03 1.479746618880341084e-02 2.169219788292171824e-02 3.062031974414061372e-02 4.217273635720759917e-02 5.709706093445710007e-02
-8.273511085072010954e-03 -7.546672679046814367e-03 -6.820247331103703251e-03 -6.093170883731713859e-03 -5.364817487575697721e-03 -4.635855022387412594e-03 -3.905941281769579904e-03 -3.176800372894137466e-03 -2.445537628192022937e-03 -1.796631493239956179e-03 9.985717451495176823e-05 2.553483210914724976e-03 5.729652130451521122e-03 9.839544578849565917e-03 1.516185086864589235e-02 2.205275560003716606e-02 3.097519762923398381e-02 4.251974274192926034e-02 5.743360401732634096e-02
-7.902167140550472174e-03 -7.174858901258285120e-03 -6.449471175037783770e-03 -5.721788259299699121e-03 -4.993201501934024789e-03 -4.265102345512411866e-03 -3.536109775209768293e-03 -2.805629434805817241e-03 -2.075816326897981633e-03 -1.426475447793257734e-03 4.696097487902175572e-04 2.922469048556362511e-03 6.097180397098325363e-03 1.020571593597204701e-02 1.552439914396385595e-02 2.241208371185748199e-02 3.132788931380602743e-02 4.286526212179558176e-02 5.776790034774688387e-02
-7.532731616565794923e-03 -6.806201859539048882e-03 -6.078810738643816713e-03 -5.352091577464439774e-03 -4.624123228498730302e-03 -3.895824480995287858e-03 -3.166843547060427689e-03 -2.436605904176779996e-03 -1.706822223021480390e-03 -1.058261146256605145e-03 8.378485222407305649e-04 3.290179231421746630e-03 6.462548936802017287e-03 1.056918204987045487e-02 1.588535202167729032e-02 2.276853538158592205e-02 3.167950678022318778e-02 4.320903941358340827e-02 5.810128406655484801e-02
-7.163058967903845539e-03 -6.437604089170185541e-03 -5.710953448307655271e-03 -4.983643981448934550e-03 -4.256023559511111325e-03 -3.526341166777985630e-03 -2.798486015277806566e-03 -2.068555789128268940e-03 -1.339621556421928322e-03 -6.903585571672102295e-04 1.204084885427905271e-03 3.655411621801968325e-03 6.826803565924631154e-03 1.093147651625286237e-02 1.624489129979809349e-02 2.312457163619927383e-02 3.202911212207497360e-02 4.355130712890482869e-02 5.843311989349356944e-02
-6.796385327317381805e-03 -6.069634017790421013e-03 -5.343656628380467032e-03 -4.616468816534791478e-03 -3.889024820948082124e-03 -3.160609417615722373e-03 -2.431832340673524637e-03 -1.702695755931014779e-03 -9.733370847110055799e-04 -3.241834490251294934e-04 1.570348331499067402e-03 4.019760860986727052e-03 7.189495416344575743e-03 1.129175287732678105e-02 1.660318210961495358e-02 2.347781563616080716e-02 3.237755224382601188e-02 4.389211659784575392e-02 5.876241077281815772e-02
-6.471050984544641019e-03 -5.744985937439918422e-03 -5.017667344532761656e-03 -4.291347017125950007e-03 -3.563121617020231172e-03 -2.836057738920599956e-03 -2.106693553270749288e-03 -1.378380763941022434e-03 -6.482647725492902318e-04 0.000000000000000000e+00 1.892966991739055511e-03 4.342001716351153590e-03 7.511486952312546907e-03 1.161168433576989859e-02 1.691948648384207846e-02 2.379129545905983231e-02 3.268561323627505733e-02 4.419320940183240481e-02 5.905500802274638028e-02
-5.527454237174187629e-03 -4.802206982837681735e-03 -4.075900755754667537e-03 -3.348893375863910664e-03 -2.622342801036902336e-03 -1.894864305454532771e-03 -1.167143604550377250e-03 -4.374773015555595752e-04 2.911109311076637046e-04 9.383528227447120304e-04 2.830085592646803139e-03 5.275883024895219008e-03 8.440662842239427324e-03 1.253613355892191535e-02 1.783582290094563524e-02 2.469713149609838870e-02 3.357731741935080644e-02 4.506445665264471878e-02 5.989857388924166304e-02
-4.322813209577991249e-03 -3.597699137414703090e-03 -2.871643807447044235e-03 -2.146849622763893125e-03 -1.420807890758707306e-03 -6.940340633033105673e-04 3.322429785524622407e-05 7.607472561477889462e-04 1.488710688010750878e-03 2.136187448443526132e-03 4.024115241706920088e-03 6.467222656635403071e-03 9.626325810764632326e-03 1.371434537666372730e-02 1.900380696955079884e-02 2.585139011358077513e-02 3.471265672275891667e-02 4.617486151363843494e-02 6.097339344491860963e-02
-2.789334493761147938e-03 -2.065774356293958135e-03 -1.340822011393968212e-03 -6.165842983093207039e-04 1.084106176675099942e-04 8.337448925533753712e-04 1.559311998437827281e-03 2.285301885733182544e-03 3.011908809686721523e-03 3.657775470731860438e-03 5.542613057947865310e-03 7.979544075048977322e-03 1.113177461565924113e-02 1.520941130716996909e-02 2.048634906860409555e-02 2.731582356220871310e-02 3.615272917660340701e-02 4.758124884492351964e-02 6.233558617896503562e-02
-8.482195985461337632e-04 -1.267433005125782983e-04 5.964106428193532115e-04 1.319295976921858573e-03 2.042071396394295330e-03 2.765915954493308043e-03 3.489658207102814581e-03 4.213113807298666386e-03 4.938248838960561729e-03 5.581728186063641267e-03 7.461603048126361215e-03 9.891074545736705526e-03 1.303345513412516865e-02 1.709839263294956474e-02 2.235857099398889936e-02 2.916336346884789571e-02 3.796905118493207332e-02 4.935531720441850567e-02 6.405277101902498438e-02
1.590912737225530721e-03 2.310055994211642361e-03 3.029570792690806317e-03 3.750738277122728833e-03 4.471272691360559173e-03 5.191490043798863835e-03 5.913107236618249211e-03 6.633948809710725307e-03 7.355469154482045975e-03 7.997256924803098146e-03 9.868831062961635689e-03 1.228919156237382078e-02 1.541851015322704896e-02 1.946654684083081940e-02 2.470293675950289980e-02 3.147855318577583161e-02 4.024399341811470132e-02 5.157603107615593707e-02 6.620105081571918404e-02
4.625891059146313745e-03 5.341916038696265315e-03 6.058212525966788671e-03 6.774681843690658414e-03 7.492270106809414271e-03 8.208606556045390523e-03 8.926554490050640431e-03 9.643897796849215318e-03 1.036167883624713668e-02 1.099995958958807814e-02 1.286165550819717319e-02 1.526956672160691315e-02 1.838207733558091042e-02 2.240699657527608565e-02 2.761431127242785361e-02 3.435052103569592036e-02 4.306459025795281170e-02 5.432815734421297948e-02 6.886335029914646133e-02
8.355213174536411588e-03 9.065742499513949199e-03 9.778081593044992553e-03 1.048888324032512358e-02 1.120180265880606901e-02 1.191365339900317052e-02 1.262578249591747755e-02 1.333851157975664802e-02 1.405128264350981662e-02 1.468530026244951013e-02 1.653426189040081706e-02 1.892429943508518869e-02 2.201485172511129587e-02 2.601165219786653535e-02 3.118180575387515668e-02 3.786938857907067024e-02 4.651729349000665453e-02 5.769613490586746746e-02 7.211898331248065008e-02
1.285564388889353510e-02 1.356108146535788157e-02 1.426568418942864534e-02 1.497098221533830868e-02 1.567679931482192715e-02 1.638268974834307390e-02 1.708900954531557270e-02 1.779504590439453041e-02 1.850131162174875263e-02 1.913017010522899755e-02 2.096209051717451768e-02 2.333147410434379884e-02 2.639329956369018335e-02 3.035383176906381042e-02 3.547654212226331732e-02 4.210220196512446528e-02 5.067206142556705123e-02 6.174583023558976452e-02 7.603568396383005024e-02
1.816142043843713486e-02 1.885874929751549939e-02 1.955497813041424254e-02 2.025287255723875676e-02 2.095085497950344502e-02 2.164870199971957038e-02 2.234687940721179905e-02 2.304558934804989620e-02 2.374387318019486812e-02 2.436493100683418886e-02 2.617697607217840325e-02 2.851964082343735538e-02 3.154815515516137814e-02 3.546447711346555759e-02 4.053007689563619537e-02 4.708244802533016055e-02 5.555710815004005071e-02 6.650927527201400125e-02 8.066272015162193054e-02
