1.377572095879738556e-01 1.388709335459373806e-01 1.399863494378917050e-01 1.411034695105010395e-01 1.422210663800917152e-01 1.433397813892073880e-01 1.444591113721865605e-01 1.455805366233114406e-01 1.467017695840183711e-01 1.476996643013590571e-01 1.506112046893919865e-01 1.543790177529717755e-01 1.592551609273322455e-01 1.655665515405741195e-01 1.737374145319027230e-01 1.843126489875391849e-01 1.979902496743864704e-01 2.157275003195321117e-01 2.385994517916603108e-01
1.313792810905761166e-01 1.324409009233611101e-01 1.335059883021560978e-01 1.345691972958575899e-01 1.356342399869291948e-01 1.366999446679465213e-01 1.377652424946159693e-01 1.388316052656012323e-01 1.398981225450501853e-01 1.408471018179567325e-01 1.436145062204509104e-01 1.471914518527663862e-01 1.518147200156383936e-01 1.577884935576213399e-01 1.655056660896096765e-01 1.754661324667347311e-01 1.883060627264850628e-01 2.048317896477489519e-01 2.260777300747756624e-01
1.158439608625617401e-01 1.168016769813860489e-01 1.177589952343162660e-01 1.187159251351657951e-01 1.196733546695449985e-01 1.206302645233642556e-01 1.215869659433797823e-01 1.225440034457059152e-01 1.235005151010225011e-01 1.243503683029738571e-01 1.268271769256108239e-01 1.300213700040041553e-01 1.341384149705309170e-01 1.394399013176955970e-01 1.462576019127267979e-01 1.550096437262967197e-01 1.662149904653276999e-01 1.805046391318998744e-01 1.986176537641551332e-01
9.721766009527435526e-02 9.806235652821611304e-02 9.890628924290892354e-02 9.975029773707279335e-02 1.005946632672502783e-01 1.014376074143574780e-01 1.022804568422226168e-01 1.031220047076919361e-01 1.039633153315665942e-01 1.047105651125570525e-01 1.068858295737150632e-01 1.096843854854680222e-01 1.132845653744482400e-01 1.179034647980914396e-01 1.238158841230167923e-01 1.313580099677858493e-01 1.409329525838569352e-01 1.530168483294362669e-01 1.681413157810108250e-01
7.803731139963174246e-02 7.877343059859089058e-02 7.950841244527312446e-02 8.024331146522840907e-02 8.097688271257373616e-02 8.170941923058723522e-02 8.244099936575310927e-02 8.317288179013182514e-02 8.390182220542537206e-02 8.455010226437215115e-02 8.643373427264207376e-02 8.885456398691994606e-02 9.196116224273059858e-02 9.594533843258880312e-02 1.010405435002994512e-01 1.075062830239458811e-01 1.156564821078930744e-01 1.258358789521446530e-01 1.384004726751729142e-01
5.930841834993727524e-02 5.994839917718403077e-02 6.058876107266022298e-02 6.122761163642006371e-02 6.186625070616599137e-02 6.250323825236647757e-02 6.313910591822415042e-02 6.377360835516961146e-02 6.440740713599424350e-02 6.496922481999567456e-02 6.660232437824158136e-02 6.869809117463024362e-02 7.138202200543600218e-02 7.480770353608405532e-02 7.916077478613237073e-02 8.465871557187805430e-02 9.155960757464191857e-02 1.001394586891712485e-01 1.106057706026995491e-01
4.153162033551779236e-02 4.208827361518392707e-02 4.264460686531346134e-02 4.319988986815544163e-02 4.375328412658313626e-02 4.430588051082087059e-02 4.485693826725668798e-02 4.540713284937020200e-02 4.595562098721616556e-02 4.644230157332186054e-02 4.785472923882073959e-02 4.966562303907470083e-02 5.197977780085340227e-02 5.492636859286328943e-02 5.866054967772513923e-02 6.335615034802694057e-02 6.920684713265357058e-02 7.639898198785746719e-02 8.510046739418096473e-02
2.491084761413721663e-02 2.539527771484858393e-02 2.587920767463525867e-02 2.636044564212628588e-02 2.684089192798910783e-02 2.732037627337898303e-02 2.779852982352248522e-02 2.827528968229609668e-02 2.875019449172572933e-02 2.917223360502240251e-02 3.039419132201235871e-02 3.195835059455575528e-02 3.395370893359558190e-02 3.648914535856866842e-02 3.969107385558165446e-02 4.370276806067083242e-02 4.867626996781142940e-02 5.474809557201609084e-02 6.201471549149640411e-02
9.477882473293139029e-03 9.901120295386202710e-03 1.032195467765256551e-02 1.074219710219254283e-02 1.116017261884650648e-02 1.157793436911496929e-02 1.199294384076621776e-02 1.240773992008506986e-02 1.282003485657334102e-02 1.318628289997469255e-02 1.424662374391190423e-02 1.560124310970496982e-02 1.732631392022924641e-02 1.951276796070193845e-02 2.226580186411127038e-02 2.569992480022612394e-02 2.993527129253676852e-02 3.507364037153489628e-02 4.117175427666838750e-02
-3.291433171114957566e-03 -2.915316443973232138e-03 -2.541309111900097104e-03 -2.168114104978393231e-03 -1.796631493239956179e-03 -1.426475447793257734e-03 -1.058261146256605145e-03 -6.903585571672102295e-04 -3.241834490251294934e-04 0.000000000000000000e+00 9.383528227447120304e-04 2.136187448443526132e-03 3.657775470731860438e-03 5.581728186063641267e-03 7.997256924803098146e-03 1.099995958958807814e-02 1.468530026244951013e-02 1.913017010522899755e-02 2.436493100683418886e-02
-3.603602169284632339e-02 -3.576326187904088627e-02 -3.549185051464355534e-02 -3.522160417599566606e-02 -3.495295380127452084e-02 -3.468537576433595310e-02 -3.441953191452252342e-02 -3.415455428009222388e-02 -3.389120192012409771e-02 -3.365776139084409452e-02 -3.298528820870793438e-02 -3.213014751423422244e-02 -3.104875722372595764e-02 -2.969005819200487908e-02 -2.799850748510798390e-02 -2.591961879524096873e-02 -2.340270214172440744e-02 -2.040766493453153793e-02 -1.694548014869708130e-02
-7.046042836195109960e-02 -7.027153351721864005e-02 -7.008408154478489027e-02 -6.989780214471737196e-02 -6.971288870294702067e-02 -6.952868873642217840e-02 -6.934553567133527885e-02 -6.916412337090643847e-02 -6.898355424314962792e-02 -6.882400188867751623e-02 -6.836364922624717233e-02 -6.778166669378551945e-02 -6.704738159548871701e-02 -6.613104690959545340e-02 -6.499869957628101602e-02 -6.362012221807929191e-02 -6.197143396730762921e-02 -6.005045124443447735e-02 -5.788558149467010888e-02
-1.047588328463543300e-01 -1.046392856713458663e-01 -1.045202508344704045e-01 -1.044010299038900386e-01 -1.042850865308183606e-01 -1.041677977216717982e-01 -1.040525877348515149e-01 -1.039377907119708455e-01 -1.038238839615967107e-01 -1.037236303974366364e-01 -1.034334795314370975e-01 -1.030681781173371087e-01 -1.026096181352322140e-01 -1.020403336189813354e-01 -1.013404184562988614e-01 -1.004959662500726353e-01 -9.949824685891266174e-02 -9.835154704443405116e-02 -9.708222155258884600e-02
-1.371019294025710156e-01 -1.370321235731832565e-01 -1.369625074983435720e-01 -1.368939546026105014e-01 -1.368251136499603893e-01 -1.367579057975386592e-01 -1.366908656061356642e-01 -1.366251651206104589e-01 -1.365582196196289400e-01 -1.364995675130725450e-01 -1.363332457148571930e-01 -1.361231331520809107e-01 -1.358614617652284251e-01 -1.355380032879591745e-01 -1.351439839183071756e-01 -1.346744002050933031e-01 -1.341255423325864726e-01 -1.335058057174256796e-01 -1.328335593750121502e-01
-1.672331784575336044e-01 -1.671930989777239140e-01 -1.671531536409535112e-01 -1.671138845789807426e-01 -1.670749040693802479e-01 -1.670363209574652619e-01 -1.669991465741344217e-01 -1.669610743432765887e-01 -1.669232565322812945e-01 -1.668900716306811749e-01 -1.667957798868813513e-01 -1.666779462642725695e-01 -1.665319878846361068e-01 -1.663522342213489269e-01 -1.661357117518416637e-01 -1.658812170725762480e-01 -1.655887164083713892e-01 -1.652641592626281075e-01 -1.649218416074088034e-01
-1.959497208926760381e-01 -1.959260898370623338e-01 -1.959036842313939542e-01 -1.958807744521207095e-01 -1.958585808805885786e-01 -1.958368202299354821e-01 -1.958144317432014558e-01 -1.957934679504820807e-01 -1.957722074878731067e-01 -1.957531421948587869e-01 -1.956994386897977500e-01 -1.956334607948241044e-01 -1.955511985799532337e-01 -1.954514393500413894e-01 -1.953317532413168245e-01 -1.951930059234725512e-01 -1.950352828325763177e-01 -1.948644864846001690e-01 -1.946876138245567101e-01
-2.225285676743535557e-01 -2.225163454246916472e-01 -2.225042570994949231e-01 -2.224924791056227535e-01 -2.224806724079428921e-01 -2.224689707060573951e-01 -2.224572495393231097e-01 -2.224461910786273422e-01 -2.224346745339425002e-01 -2.224250217052080036e-01 -2.223970200650878526e-01 -2.223621029492190149e-01 -2.223193541803604734e-01 -2.222675757994155288e-01 -2.222055688002970153e-01 -2.221346059690945951e-01 -2.220550197638252177e-01 -2.219697209761739010e-01 -2.218829433571811172e-01
-2.452544765442968566e-01 -2.452489249631319146e-01 -2.452433252870158398e-01 -2.452379405836908610e-01 -2.452324628223056247e-01 -2.452269128431209810e-01 -2.452214884194978961e-01 -2.452164227670489416e-01 -2.452116502657644970e-01 -2.452073038479389566e-01 -2.451940517469439751e-01 -2.451786682783532456e-01 -2.451593950057157634e-01 -2.451362340854813526e-01 -2.451089496687033076e-01 -2.450768641458261621e-01 -2.450421367320379518e-01 -2.450057601184947587e-01 -2.449689794252993824e-01
-2.640448247739765608e-01 -2.640424893789421468e-01 -2.640401648107474908e-01 -2.640378798482786449e-01 -2.640356920731815049e-01 -2.640333306883169140e-01 -2.640312763767131421e-01 -2.640291262675722450e-01 -2.640270046542125271e-01 -2.640251757451819725e-01 -2.640199298963375463e-01 -2.640134431027251760e-01 -2.640055421084912535e-01 -2.639960973867104266e-01 -2.639848206754955573e-01 -2.639724630640096215e-01 -2.639587114945271540e-01 -2.639443615809707877e-01 -2.639301294235731343e-01
