-1.950096782587671662e-01 -1.768956246589867276e-01 -1.601391236440900534e-01 -1.445567822034302119e-01 -1.299955188804176875e-01 -1.163267953274062377e-01 -1.034453182776721575e-01 -9.126172019492553855e-02 -7.970070378403119882e-02 -6.989324920173480005e-02 -4.347585751486925110e-02 -1.324811002890013620e-02 2.088527058008210480e-02 5.896884469445833749e-02 1.010121264561098520e-01 1.470114980657666603e-01 1.969658078548204572e-01 2.508916420518028656e-01 3.088319955639923786e-01
-1.790344305126642110e-01 -1.622513615090195038e-01 -1.466168332754151093e-01 -1.319916467418406902e-01 -1.182545097352313140e-01 -1.053039919039695099e-01 -9.305207887410557599e-02 -8.142509836027241044e-02 -7.036051881081381576e-02 -6.095058529215010429e-02 -3.550693871232662308e-02 -6.241587731297225730e-03 2.696966070437594939e-02 6.419364917908160217e-02 1.054566723818500390e-01 1.507603933392126505e-01 2.001076368877728884e-01 2.535108666654948828e-01 3.110048227516998276e-01
-1.641948279013425716e-01 -1.485504947550425614e-01 -1.338902390266092646e-01 -1.201031629131949080e-01 -1.070969414608770182e-01 -9.478732226774241876e-02 -8.310251070603276446e-02 -7.198044954686470820e-02 -6.136764441882161525e-02 -5.232346142743874579e-02 -2.777917310882579982e-02 5.863763713912823090e-04 3.292772204433506988e-02 6.933337337085572483e-02 1.098449262435782364e-01 1.544751213861167982e-01 2.032286977531706507e-01 2.561170812456483037e-01 3.131735718961475845e-01
-1.503349040960724470e-01 -1.356756735804290070e-01 -1.218653697005280534e-01 -1.088208128784244610e-01 -9.646661558828691085e-02 -8.473254692095989749e-02 -7.356089853141387080e-02 -6.289870773734901332e-02 -5.270013065659482493e-02 -4.399054290819075230e-02 -2.028066619086455954e-02 7.244610113691517424e-03 3.876288410791750572e-02 7.438596769470279257e-02 1.141739895884726214e-01 1.581504369594091408e-01 2.063250760655807037e-01 2.587100791067629135e-01 3.153331430578987238e-01
-1.373253164826752637e-01 -1.235266772130770713e-01 -1.104681698914548593e-01 -9.808359712797649899e-02 -8.631341522075060280e-02 -7.510043238083506656e-02 -6.439516680814343086e-02 -5.415343927875616858e-02 -4.433494137173665806e-02 -3.593490612071600920e-02 -1.300009303525640619e-02 1.373568795879714401e-02 4.447583014641209170e-02 7.935262188392752658e-02 1.184435372807517567e-01 1.617866718152832228e-01 2.093962992048601646e-01 2.612871283728134819e-01 3.174831452116344543e-01
-1.250639692448193563e-01 -1.120224805280640307e-01 -9.963207002209403806e-02 -8.783881127873216510e-02 -7.659558494790298655e-02 -6.585618258732471586e-02 -5.557621056392104270e-02 -4.571997372671372101e-02 -3.625296730988485788e-02 -2.813878775114812131e-02 -5.925308915942908115e-03 2.006912465979217297e-02 5.007057501350607731e-02 8.423452961697637520e-02 1.226543207937790675e-01 1.653833782635523164e-01 2.124420485825173621e-01 2.638479260182258757e-01 3.196247988120835548e-01
-1.134625802630592761e-01 -1.010944145498112179e-01 -8.930031158660471646e-02 -7.804111151712188332e-02 -6.727607690355429104e-02 -5.696694269551529771e-02 -4.707817421644508449e-02 -3.757679092182359543e-02 -2.843360945669886480e-02 -2.058606617370312142e-02 9.541303943144375209e-04 2.625144376290551931e-02 5.555282729252344898e-02 8.903374548976922265e-02 1.268076114851855452e-01 1.689397543842083571e-01 2.154616851358908125e-01 2.663918624153147618e-01 3.217541933701056345e-01
-1.024513694053293678e-01 -9.068345094748368751e-02 -7.942798971569173250e-02 -6.865044250100829637e-02 -5.832127083555879721e-02 -4.840736938641868048e-02 -3.887672207275679609e-02 -2.970475565628762776e-02 -2.086195907828849311e-02 -1.326106918151985677e-02 7.648148950873324102e-03 3.228924439609406893e-02 6.092481843003429848e-02 9.375187018186535715e-02 1.309040551566904576e-01 1.724576034444734174e-01 2.184546499063096670e-01 2.689174110659612871e-01 3.238738529364795227e-01
-9.196650927473276615e-02 -8.073916323161549335e-02 -6.996917666025082028e-02 -5.963336100512905968e-02 -4.970141443425876021e-02 -4.015026152650125885e-02 -3.095167782066074805e-02 -2.208285194972726961e-02 -1.352064536365592089e-02 -6.150930096108952159e-03 1.416890949929818129e-02 3.818826688548859760e-02 6.619078181353230117e-02 9.839261209863567337e-02 1.349424263738396024e-01 1.759361140619042085e-01 2.214208752573580963e-01 2.714278298792140443e-01 3.259828159574218454e-01
-8.304733517061377301e-02 -7.225721916242602849e-02 -6.188249582124218107e-02 -5.190427486804167351e-02 -4.230010882459607491e-02 -3.304733622964964312e-02 -2.412342660109419168e-02 -1.550680604217754242e-02 -7.178326380924363731e-03 0.000000000000000000e+00 1.982485251965681455e-02 4.332021923271268948e-02 7.078493019341927650e-02 1.024530961615719715e-01 1.384868161310980339e-01 1.789946154762653008e-01 2.240354798806340197e-01 2.736431274197800301e-01 3.278472865497325528e-01
-5.890984994205689107e-02 -4.920350642369369226e-02 -3.981910231055096200e-02 -3.074522366536372453e-02 -2.197281022163155920e-02 -1.348304964038460341e-02 -5.264589644692881619e-03 2.699300868686546704e-03 1.042339834461149424e-02 1.709843578987803314e-02 3.562132225893809012e-02 5.772499712025994795e-02 8.374672685634308722e-02 1.139613857668625024e-01 1.485804470276615441e-01 1.877424703387017557e-01 2.315396433521009489e-01 2.800233023114680475e-01 3.332308364798567402e-01
-3.110718321165887451e-02 -2.249113320329747603e-02 -1.411274105197062034e-02 -5.972340263378121857e-03 1.937254244838835203e-03 9.621774501447577510e-03 1.709310628009880206e-02 2.436018619155969414e-02 3.143300104242024301e-02 3.756379360004102885e-02 5.466143063016461884e-02 7.521623738970739659e-02 9.960550828190950501e-02 1.281517090083961474e-01 1.611120876645153188e-01 1.986773126205969575e-01 2.409766050858207498e-01 2.880886490703558067e-01 3.400678772865204369e-01
4.982200108386700870e-04 8.049347297007833357e-03 1.543215300375626146e-02 2.264137990792129337e-02 2.967806158762555102e-02 3.654466499747083957e-02 4.324859919274969683e-02 4.979261223047452833e-02 5.618392825663940521e-02 6.174163721066236454e-02 7.732254932111787271e-02 9.620126444620547002e-02 1.187919049249053227e-01 1.454622216393177403e-01 1.765266506612008790e-01 2.122340615162286448e-01 2.527595327171587303e-01 2.982238862586263917e-01 3.487049751947571274e-01
3.598346289014280053e-02 4.252511960284059700e-02 4.895201920564637432e-02 5.525763867556638537e-02 6.143946286347398006e-02 6.749655952720685914e-02 7.343401996254679542e-02 7.925079490813881355e-02 8.495174414076930858e-02 8.992477440259867560e-02 1.039395369826608545e-01 1.210571744848776277e-01 1.417183232018916217e-01 1.663398515612256046e-01 1.952906716314791458e-01 2.288800288303324548e-01 2.673475396386231218e-01 3.108647333945013802e-01 3.595514237316437822e-01
7.538394220510991062e-02 8.099155245325345698e-02 8.652452779479430367e-02 9.197852186752865367e-02 9.734619475741901340e-02 1.026262552340736350e-01 1.078195899842829542e-01 1.129275427669102216e-01 1.179490158536604244e-01 1.223419169519169014e-01 1.347861470477127455e-01 1.501077630259158024e-01 1.687622206638350886e-01 1.912059446628815995e-01 2.178602096120616782e-01 2.491000299915689942e-01 2.852336332991102230e-01 3.264986181822829847e-01 3.730683207071604501e-01
1.187063322433446338e-01 1.234704780389431072e-01 1.281918707702738580e-01 1.328604073194822044e-01 1.374726497659070901e-01 1.420261574812190786e-01 1.465189274717085266e-01 1.509507274650647712e-01 1.553224459632600307e-01 1.591579848360642480e-01 1.700742958510821079e-01 1.836148250839921559e-01 2.002440895604553350e-01 2.204395390699244450e-01 2.446704154730138525e-01 2.733718662743825356e-01 3.069256721705103108e-01 3.456440425412271034e-01 3.897703467031684021e-01
1.659560193370420156e-01 1.699728087425436684e-01 1.739659935329693763e-01 1.779294874208979527e-01 1.818562295080274338e-01 1.857453690707434324e-01 1.895935130173304339e-01 1.934016242537447972e-01 1.971669082800395489e-01 2.004789644278944238e-01 2.099472229626724029e-01 2.217723532603435854e-01 2.364146523086215201e-01 2.543601963478082095e-01 2.761078890738403180e-01 3.021452656740316600e-01 3.329228920272438441e-01 3.688366545437898325e-01 4.102056229753527905e-01
2.171383896600146135e-01 2.205048170712876621e-01 2.238607718837626603e-01 2.272001975657170214e-01 2.305186980270877706e-01 2.338132095894799867e-01 2.370810856781766784e-01 2.403231128593269206e-01 2.435369266431564594e-01 2.463700323265411718e-01 2.544991842027918838e-01 2.647189721075576818e-01 2.774641392482368185e-01 2.932186931638000038e-01 3.124951019326144275e-01 3.358177002048510218e-01 3.636963659031283158e-01 3.966005432009667708e-01 4.349405966602840068e-01
2.722835099165872297e-01 2.750907054503990423e-01 2.778948956914134016e-01 2.806924258893997437e-01 2.834782015021589108e-01 2.862514484196127529e-01 2.890080145332116768e-01 2.917472868579292777e-01 2.944683596258486635e-01 2.968718387121616620e-01 3.037923646260226596e-01 3.125382218448379823e-01 3.235192364149625521e-01 3.371988013417716035e-01 3.540847197841098803e-01 3.747195665153047472e-01 3.996551199519584041e-01 4.294260944538093594e-01 4.645269859737402030e-01
