-1.030738988823964031e-01 -9.123502305383256183e-02 -7.991835111973347172e-02 -6.908995574999290956e-02 -5.871388172290206015e-02 -4.875975473338595156e-02 -3.919516798229482485e-02 -2.999133092830769468e-02 -2.112215823073181412e-02 -1.349931853984135018e-02 7.464245923384201127e-03 3.215429814749741488e-02 6.083719453941936750e-02 9.370460622782685045e-02 1.308913436637854366e-01 1.724711633361951379e-01 2.184872706245084006e-01 2.689641861095901088e-01 3.239276725681153324e-01
-1.006734851495230398e-01 -8.896762751786885248e-02 -7.776851371901827292e-02 -6.704523339721051023e-02 -5.676591364407772289e-02 -4.689834295825293792e-02 -3.741221013760967495e-02 -2.828043085352097488e-02 -1.947779107577890870e-02 -1.190834549146195347e-02 8.915384386720211565e-03 3.346346498773349748e-02 6.199982255981865975e-02 9.472507257281646831e-02 1.317737648812801476e-01 1.732277804006481514e-01 2.191287347756708526e-01 2.695051356065793491e-01 3.243803624432950450e-01
-9.831831800335312510e-02 -8.673980835215293339e-02 -7.565499111496373774e-02 -6.503493102625108879e-02 -5.484840605485926529e-02 -4.506515904340176182e-02 -3.565614507901036789e-02 -2.659438378609595491e-02 -1.785533431176152333e-02 -1.033977228003865427e-02 1.034919245297718539e-02 3.475560771804701854e-02 6.314863656797826963e-02 9.573338342707163329e-02 1.326482681172957978e-01 1.739758593106350004e-01 2.197658490433846978e-01 2.700409946904389624e-01 3.248288007343648753e-01
-9.600291325925787433e-02 -8.454869247775137486e-02 -7.357489753568483004e-02 -6.305514596439788788e-02 -5.295915219878279817e-02 -4.325846577548782268e-02 -3.392406604134454856e-02 -2.493135020052521245e-02 -1.625504699414829016e-02 -8.791792467613355685e-03 1.176609582581177385e-02 3.603311957756581696e-02 6.428536812521111476e-02 9.673170980781950479e-02 1.335143312896519552e-01 1.747201217362793491e-01 2.203960361072986041e-01 2.705728425561768624e-01 3.252739695430415523e-01
-9.372504842595849595e-02 -8.239097194309530359e-02 -7.152546238680065893e-02 -6.110293934898899243e-02 -5.109528502841772374e-02 -4.147450573738328122e-02 -3.221384212635687583e-02 -2.328842493527160176e-02 -1.467409690004856798e-02 -7.260768679044181037e-03 1.316674596194893250e-02 3.729623787673682495e-02 6.541121189550412607e-02 9.772087430390824503e-02 1.343725771389383539e-01 1.754570080226132978e-01 2.210237869550501222e-01 2.711013016834210032e-01 3.257162007038207907e-01
-9.148172448664561307e-02 -8.026448218961906855e-02 -6.950418450387504943e-02 -5.917685374483508398e-02 -4.925561686683769397e-02 -3.971358056381982249e-02 -3.052402907421232839e-02 -2.166411144631623376e-02 -1.311081431835020052e-02 -5.747062544823562831e-03 1.455286493620940903e-02 3.854922955954090402e-02 6.652724448364245868e-02 9.870237925857743011e-02 1.352251180471876757e-01 1.761893918023256234e-01 2.216455678613147018e-01 2.716260244373324140e-01 3.261563944904660728e-01
-8.927022351798648281e-02 -7.816700988690489238e-02 -6.750947612962519828e-02 -5.727488751750795665e-02 -4.743779797637123069e-02 -3.797211519873919250e-02 -2.885434066261139893e-02 -2.005861563516549498e-02 -1.156362568472224690e-02 -4.248698889254024988e-03 1.592531778887339503e-02 3.979074958067629897e-02 6.763299173601751424e-02 9.967647726901036898e-02 1.360719775463960501e-01 1.769166369734835320e-01 2.222652593650096264e-01 2.721483866039290933e-01 3.265936418454786772e-01
-8.708935332659856199e-02 -7.609718471144169549e-02 -6.553983060632320723e-02 -5.539573654141244363e-02 -4.564189562490916785e-02 -3.625075623345937886e-02 -2.720047846374314474e-02 -1.846872612555658030e-02 -1.003124957613439269e-02 -2.764961752217406227e-03 1.728632133433113602e-02 4.102155847093866964e-02 6.873214954102109531e-02 1.006436207726999349e-01 1.369124883013953797e-01 1.776399004604529708e-01 2.228797959251550831e-01 2.726677459978352203e-01 3.270292389701667246e-01
-8.493684113185273610e-02 -7.405315433087190924e-02 -6.359352642371401965e-02 -5.353852525623719466e-02 -4.386428337542064987e-02 -3.454714622018320580e-02 -2.556403906798411854e-02 -1.689471347790271263e-02 -8.514450525797316940e-03 -1.295283655886795985e-03 1.863413950917808953e-02 4.224187034906379257e-02 6.982252063763060013e-02 1.016042104212907943e-01 1.377489318733722823e-01 1.783591271013967305e-01 2.234931812259742800e-01 2.731855324334210300e-01 3.274629883572651168e-01
-8.304733517061377301e-02 -7.225721916242602849e-02 -6.188249582124218107e-02 -5.190427486804167351e-02 -4.230010882459607491e-02 -3.304733622964964312e-02 -2.412342660109419168e-02 -1.550680604217754242e-02 -7.178326380924363731e-03 0.000000000000000000e+00 1.982485251965681455e-02 4.332021923271268948e-02 7.078493019341927650e-02 1.024530961615719715e-01 1.384868161310980339e-01 1.789946154762653008e-01 2.240354798806340197e-01 2.736431274197800301e-01 3.278472865497325528e-01
-7.765314874537478096e-02 -6.712586256272276564e-02 -5.698889539146147210e-02 -4.722734091753812147e-02 -3.782035348074278686e-02 -2.874899374200213381e-02 -1.999018007376646144e-02 -1.152654621728881577e-02 -3.338793837999175316e-03 3.721625298131337866e-03 2.324619773671669082e-02 4.642276904711422486e-02 7.356161512095993338e-02 1.049033852706400261e-01 1.406220980350837702e-01 1.808339943275012462e-01 2.256044649965176507e-01 2.749697878505565907e-01 3.289605650684504501e-01
-7.091805224250144479e-02 -6.070769982428489420e-02 -5.085910987001768940e-02 -4.136021914127451654e-02 -3.219495466228635555e-02 -2.334322565096493690e-02 -1.478941479403259734e-02 -6.512745653774560002e-03 1.501814104617766894e-03 8.418359989445518832e-03 2.757167671596006883e-02 5.035277497268277752e-02 7.708357661402279182e-02 1.080184418308373362e-01 1.433429651327623733e-01 1.831814729768912464e-01 2.276072443321831562e-01 2.766661300742505603e-01 3.303853493411041398e-01
-6.256525284593934810e-02 -5.273180198345597813e-02 -4.322672835588756840e-02 -3.404306635198494496e-02 -2.516656854816414976e-02 -1.658252412339553464e-02 -8.272896844944829450e-03 -2.244903531728621715e-04 7.577745485553774585e-03 1.432000718337873846e-02 3.301815083560298569e-02 5.531291999134430731e-02 8.154060184470773853e-02 1.119682798399243007e-01 1.467992835678634256e-01 1.861692692275220273e-01 2.301647795783011430e-01 2.788326414037163303e-01 3.322067764818414926e-01
-5.228185124470844519e-02 -4.288820090708646282e-02 -3.378820168154902243e-02 -2.497645111141462079e-02 -1.644264167296822718e-02 -8.175312910869628538e-03 -1.599586180133702722e-04 7.616286861919540838e-03 1.516548773240840309e-02 2.169506188941693753e-02 3.984360782299974091e-02 6.154900730041813761e-02 8.715766602185184841e-02 1.169620937696307372e-01 1.511803779688881133e-01 1.899667129354011830e-01 2.334200125775546253e-01 2.815981086579348314e-01 3.345379619711943975e-01
-3.973078438066739854e-02 -3.084229850725623417e-02 -2.220856904501540899e-02 -1.382874759533894368e-02 -5.693795115969554031e-03 2.202985288875018710e-03 9.873637016299383062e-03 1.732838032237608850e-02 2.457772914159706695e-02 3.085646373582782293e-02 4.834993838738117777e-02 6.934522419732315479e-02 9.420805532893285206e-02 1.232504425962933081e-01 1.567153896725610729e-01 1.947801279902618699e-01 2.375573742149938716e-01 2.851211039158219052e-01 3.375122494120375016e-01
-2.456568990840405503e-02 -1.624185180944858267e-02 -8.134584691576953949e-03 -2.425717601743737444e-04 7.436165690466688821e-03 1.490855909750240897e-02 2.218218500554610187e-02 2.926521146235252363e-02 3.616596129825215555e-02 4.215340212019039190e-02 5.887932724154796432e-02 7.903442106502148179e-02 1.030045004733457642e-01 1.311306126197024080e-01 1.636807361397256966e-01 2.008591261360828384e-01 2.428018037525588035e-01 2.895986594484666332e-01 3.413029858954045870e-01
-6.437698856147450188e-03 1.266010440998568748e-03 8.795564527854186215e-03 1.614535080769763029e-02 2.331586462514798064e-02 3.031272194825177305e-02 3.713952404379683436e-02 4.380196399109858446e-02 5.030600110388672164e-02 5.596016073601712409e-02 7.180350195966839211e-02 9.098358624440121278e-02 1.139095053579852607e-01 1.409462192081774590e-01 1.723977720716155237e-01 2.085027777184514375e-01 2.494244142017139065e-01 2.952753808308553607e-01 3.461231122665855975e-01
1.497395316304077871e-02 2.202051158709660700e-02 2.892890678989290879e-02 3.569308611812205961e-02 4.231375466200541779e-02 4.878952084378104792e-02 5.512405650930488066e-02 6.132149848746992760e-02 6.738566864195970341e-02 7.266703620094715210e-02 8.751927688362937108e-02 1.055916137438660807e-01 1.273132925642312674e-01 1.530826424763631344e-01 1.832394080941361914e-01 2.180603356720190455e-01 2.577464400646556908e-01 3.024414495850543116e-01 3.522325007053383472e-01
3.995594556806478237e-02 4.632128727704464682e-02 5.258289928117730605e-02 5.873353496674057345e-02 6.477012435926009226e-02 7.069213122445429376e-02 7.649926540973031597e-02 8.219744314650584416e-02 8.778386544964690563e-02 9.266136063060152750e-02 1.064264030752969797e-01 1.232683739357043617e-01 1.436381943845042031e-01 1.679608692072884213e-01 1.966183605736784856e-01 2.299304406367159437e-01 2.681452698130479262e-01 3.114439888488293451e-01 3.599458099723961135e-01
