4.403346343548291686e-01 4.437612158837518916e-01 4.472342390289527070e-01 4.507243725486246855e-01 4.542110426518478628e-01 4.576838564132446052e-01 4.611383758182353576e-01 4.645686393977860318e-01 4.679717894216584018e-01 4.709739418433380731e-01 4.795952009569312002e-01 4.904368488214886912e-01 5.039601385383364329e-01 5.206731163470499357e-01 5.411119325547092407e-01 5.658185509858046913e-01 5.953048395868798526e-01 6.300206833885415580e-01 6.703211436913091292e-01
-1.674829173351087830e-01 5.471990877107754669e-02 1.815751219769285441e-01 2.751791917483960570e-01 3.476280194475866447e-01 3.987185353733032067e-01 4.259669534387706680e-01 4.424388572361709349e-01 4.533819174270171670e-01 4.605140604159455586e-01 4.748395887231602885e-01 4.880379052851719357e-01 5.025073894383925710e-01 5.196098174595386032e-01 5.402301604579540228e-01 5.650430262411632043e-01 5.946113349471039422e-01 6.294017552906548962e-01 6.697748259801351578e-01
-2.751523625281022123e-01 -9.048966930617137472e-02 1.773959152321527913e-02 9.986345718961672779e-02 1.658083973888729856e-01 2.218094995064034125e-01 2.713724267928737666e-01 3.151319962959188703e-01 3.532699601297581427e-01 3.828083523506950470e-01 4.373903295258823598e-01 4.708439204666946543e-01 4.948709465989596934e-01 5.160883472126149840e-01 5.383996038308075383e-01 5.639072223898214942e-01 5.937816827886560622e-01 6.287312705955707681e-01 6.692082022720610146e-01
-3.349448698303230665e-01 -1.659211460070516286e-01 -6.840276285560036029e-02 5.300220269904771728e-03 6.634663751065042470e-02 1.187809671775618553e-01 1.642520233037331467e-01 2.047858305956811731e-01 2.419848054879491783e-01 2.726823714385841479e-01 3.501505401566303299e-01 4.238983205656777220e-01 4.721728013515884559e-01 5.057379515422246730e-01 5.337147877515562300e-01 5.616348183358095270e-01 5.925113321614026152e-01 6.278926613833577530e-01 6.685768998710591715e-01
-3.768212534723675011e-01 -2.163065969627911145e-01 -1.248254665825861143e-01 -5.636015196159076951e-02 1.070315512378658721e-04 4.898698139015495584e-02 9.239124024055006545e-02 1.313406594901821156e-01 1.663885586251924176e-01 1.950172704050238681e-01 2.696465086679070700e-01 3.502828021431807493e-01 4.297273990687386358e-01 4.849111866490505851e-01 5.240393389734188112e-01 5.572139586356187335e-01 5.903706107702260120e-01 6.267121439306793107e-01 6.678157361085802490e-01
-4.093986211040014922e-01 -2.540079871065398232e-01 -1.664046491790517057e-01 -1.013617333536089710e-01 -4.802445241981206231e-02 -1.994795799208467363e-03 3.894942662429604074e-02 7.605137318341709252e-02 1.100148743285941783e-01 1.378779390446079889e-01 2.089285544378225723e-01 2.870612767649708963e-01 3.710749221852277513e-01 4.521015349701031916e-01 5.078365991317098649e-01 5.496531311948387177e-01 5.868688578443089776e-01 6.249771428342700830e-01 6.668349970580675912e-01
-4.363092858286179987e-01 -2.841291115977074289e-01 -1.991826865444932260e-01 -1.365578296007949333e-01 -8.545027508671310112e-02 -4.150807537411625031e-02 -2.508392750075461291e-03 3.283398613934095100e-02 6.531750308379465075e-02 9.219261627480111743e-02 1.615904403624013330e-01 2.364267522398779964e-01 3.190623671567446862e-01 4.063972179912808125e-01 4.844998928654636883e-01 5.382108377399628107e-01 5.815364503763552628e-01 6.224587238061497496e-01 6.655365546582202585e-01
-4.594218062055546170e-01 -3.092452795905106244e-01 -2.261768823720394506e-01 -1.653509189046613037e-01 -1.159137043984902887e-01 -7.354823461587128852e-02 -3.604526950643719557e-02 -2.114120795063364252e-03 2.905940982547165069e-02 5.489251861450695352e-02 1.222775925115381079e-01 1.953945276888853499e-01 2.751503143935356555e-01 3.627183309356895591e-01 4.526631656857995623e-01 5.225141594746369744e-01 5.739813579705878022e-01 6.189262714071852578e-01 6.638136474542508658e-01
-4.798012186339910556e-01 -3.308353401135459837e-01 -2.491080707127863447e-01 -1.896552300596256457e-01 -1.415208194518511875e-01 -1.003902348047254894e-01 -6.406120241341384247e-02 -3.125777733623734400e-02 -1.159424881977779483e-03 2.377005189876772034e-02 8.897536865420579977e-02 1.607546661855816794e-01 2.382570087021768368e-01 3.239921174307130447e-01 4.159593339972085246e-01 5.024178652620602259e-01 5.639446517318650320e-01 6.141749402886480524e-01 6.615547750147470207e-01
-4.961675635678390872e-01 -3.478182245828030372e-01 -2.669483941633494228e-01 -2.084598910128209748e-01 -1.612607453125750878e-01 -1.210175673698310750e-01 -8.554440851498344711e-02 -5.356274526905742406e-02 -2.425496204699350081e-02 0.000000000000000000e+00 6.342819145627920374e-02 1.337065829279180662e-01 2.100556894460129387e-01 2.936927672154857616e-01 3.856206103250061079e-01 4.799765238031906134e-01 5.528399457287755947e-01 6.087900242582537924e-01 6.590107514631891039e-01
-5.371631920808348504e-01 -3.891866286684542708e-01 -3.095535022208958376e-01 -2.529502518549990864e-01 -2.076832920466433752e-01 -1.693221490553338815e-01 -1.356660768192942956e-01 -1.054393760951416181e-01 -7.783235751745914976e-02 -5.504892240614619320e-02 4.336377176719814763e-03 7.024656529074312095e-02 1.434163113076422358e-01 2.231986119758443410e-01 3.108509820470844454e-01 4.075670267955707748e-01 5.075664491799627420e-01 5.861829872079074022e-01 6.481031696688582810e-01
-5.800573021076910196e-01 -4.314868074894839811e-01 -3.515983284372556916e-01 -2.961552232608569701e-01 -2.523302155998317087e-01 -2.154617128269916415e-01 -1.832800564788044373e-01 -1.544995717086909970e-01 -1.283061703202713899e-01 -1.067530790635450866e-01 -5.081350144233572064e-02 1.094807738838100494e-02 7.958791942438135647e-02 1.559941049003721047e-01 2.396405339853261152e-01 3.318272167805169093e-01 4.339067989533829661e-01 5.401493937779731080e-01 6.249890928682527713e-01
-6.244338658552402999e-01 -4.760481855551704222e-01 -3.938001759933854595e-01 -3.386036547747064418e-01 -2.956683425792228648e-01 -2.598840805295564715e-01 -2.288507203094250486e-01 -2.012274623388788375e-01 -1.761853681412254291e-01 -1.556436285138592668e-01 -1.025690112005861049e-01 -4.434236511570530809e-02 2.002940368042473857e-02 9.173287519420308955e-02 1.717916638833631715e-01 2.597888316373843098e-01 3.570538595813241289e-01 4.650601760617514291e-01 5.780937382619167897e-01
-6.689877177873898573e-01 -5.249664046181485855e-01 -4.372068888645534446e-01 -3.809910634402186025e-01 -3.382537480234955041e-01 -3.030858032245327127e-01 -2.728383819689247369e-01 -2.460794427409141449e-01 -2.219323011531755818e-01 -2.021930765627078241e-01 -1.514591818579515137e-01 -9.617138190046570223e-02 -3.543898095178022595e-02 3.184882048678562561e-02 1.070126976473804448e-01 1.911924667300589076e-01 2.840536029548070274e-01 3.869274813879054475e-01 5.013771871456954576e-01
-7.117498067567845643e-01 -5.810596312678154574e-01 -4.835401370376827268e-01 -4.243183940986395286e-01 -3.808071527715242155e-01 -3.456560950231877816e-01 -3.157735947930809806e-01 -2.895472911943225980e-01 -2.660212595047446449e-01 -2.468746124510189655e-01 -1.979642397288415290e-01 -1.450716856487752060e-01 -8.736803162339637496e-02 -2.384693634713513921e-02 4.672879296971783197e-02 1.257884572749393692e-01 2.145824338418240995e-01 3.128117831632840629e-01 4.217790506920047200e-01
-7.509046194376999273e-01 -6.451928095753184378e-01 -5.358933235375827886e-01 -4.701976077414473099e-01 -4.243943792491038924e-01 -3.884086519511995572e-01 -3.583249855407790174e-01 -3.322121476433562148e-01 -3.089814490843534878e-01 -2.901886826774625061e-01 -2.425546285478805408e-01 -1.915205001351208969e-01 -1.362899375383662959e-01 -7.591270997368151918e-02 -9.263245633234454268e-03 6.500678607046393720e-02 1.484313032640981189e-01 2.423186919437698705e-01 3.463757036079290197e-01
-7.854631685747791581e-01 -7.103365044638553227e-01 -5.998130294070583846e-01 -5.215913908718680103e-01 -4.707732991621807472e-01 -4.325748377486909879e-01 -4.014424522327402212e-01 -3.748703596409665995e-01 -3.515054648234182122e-01 -3.327620479100576456e-01 -2.857525564803480855e-01 -2.360030930192217880e-01 -1.826847138168867513e-01 -1.248799053779836854e-01 -6.152109701739573444e-02 8.632076125958561968e-03 8.702925664056308797e-02 1.752693037215311278e-01 2.746965056666028637e-01
-8.152776210005505675e-01 -7.660909134782440955e-01 -6.788467125714581218e-01 -5.845605577846277878e-01 -5.232312154021254713e-01 -4.802472678024712338e-01 -4.466553263225973569e-01 -4.187177124598254196e-01 -3.945806020080505627e-01 -3.754543617718952841e-01 -3.282106510241025732e-01 -2.790480955103951111e-01 -2.270468122620505347e-01 -1.712355328933528320e-01 -1.105782714076841561e-01 -4.389187132053207208e-02 3.016250532085162570e-02 1.131063237109602021e-01 2.065804990364085714e-01
-8.406583398287775788e-01 -8.094013231290184684e-01 -7.554509345218927141e-01 -6.688200446326598714e-01 -5.888755770732470030e-01 -5.355633217904649523e-01 -4.967017803399336739e-01 -4.657614849106165300e-01 -4.397874288971154177e-01 -4.195949874327445928e-01 -3.708471330196574933e-01 -3.213514303078930379e-01 -2.699240728402749201e-01 -2.154795865440101987e-01 -1.569290005758467166e-01 -9.310252151430037371e-02 -2.273124720383066719e-02 5.561535250481093595e-02 1.434925456948037692e-01
