-5.120261699622730145e-01 -3.754485267810637183e-01 -2.993598912775018994e-01 -2.437959936637160707e-01 -1.986651703627439758e-01 -1.599915674554090173e-01 -1.257529137827887444e-01 -9.476411503076483112e-02 -6.627422236361550645e-02 -4.263524468918963861e-02 1.944398712078788255e-02 8.854409099410295858e-02 1.640256042770842082e-01 2.475459567784166759e-01 3.397197071818685021e-01 4.343073092494789122e-01 5.083972141584566229e-01 5.675104282489371599e-01 6.214930035181911450e-01
-5.100690551277742291e-01 -3.720952031806200044e-01 -2.954341160307052405e-01 -2.395225347361366330e-01 -1.941431827638556706e-01 -1.552834883377144093e-01 -1.208987349458573030e-01 -8.979473008204919005e-02 -6.121400299792218586e-02 -3.749947528492646176e-02 2.472825402240581144e-02 9.395960724875578041e-02 1.695296557413762395e-01 2.530448821470462906e-01 3.451703462105383813e-01 4.397206509298072774e-01 5.136489739454322967e-01 5.723739043087401335e-01 6.259002134313967902e-01
-5.081619573697468972e-01 -3.688030486398432561e-01 -2.915780616430438954e-01 -2.353201083863848964e-01 -1.896991077521673341e-01 -1.506558367687066691e-01 -1.161271869583837268e-01 -8.490858859302226336e-02 -5.622993643449467754e-02 -3.244777400434038783e-02 2.993513071696687899e-02 9.929712310375310436e-02 1.749580578832363453e-01 2.584727171952643232e-01 3.505527275719779734e-01 4.450655648008286502e-01 5.188342554433644782e-01 5.771752546785585691e-01 6.302533091928623765e-01
-5.062946196497953855e-01 -3.655749986265288687e-01 -2.877940602481417476e-01 -2.311959051342065419e-01 -1.853366530591973038e-01 -1.461124713656728746e-01 -1.114413214891918080e-01 -8.010879364694907523e-02 -5.133461023366092668e-02 -2.748541402109165935e-02 3.505239485454852977e-02 1.045470310490891341e-01 1.803005851954016248e-01 2.638197883195563254e-01 3.558620387853898004e-01 4.503394539031426169e-01 5.239519641899081925e-01 5.819178916747279606e-01 6.345553268230946786e-01
-5.044761869980576297e-01 -3.624110884531061005e-01 -2.840837135445388739e-01 -2.271502016702233728e-01 -1.810563323299585747e-01 -1.416532324885181049e-01 -1.068411989284626940e-01 -7.539206789207247850e-02 -4.652934545928862770e-02 -2.260590991223941290e-02 4.008237907602338335e-02 1.097082186104750001e-01 1.855588935326316913e-01 2.690879005864303952e-01 3.610959885474772646e-01 4.555418409165087335e-01 5.290071696104388099e-01 5.866067022632915906e-01 6.388110033260063769e-01
-5.026977199694939724e-01 -3.593111389067535910e-01 -2.804453358156849818e-01 -2.231828603248916520e-01 -1.768563002733460621e-01 -1.372752787354855342e-01 -1.023239277653801155e-01 -7.076394467982356773e-02 -4.180827408719509086e-02 -1.781654348329851298e-02 4.502480081864682765e-02 1.147842776008493465e-01 1.907315308110049401e-01 2.742740185823060450e-01 3.662546323673327997e-01 4.606720852630052931e-01 5.339982127669918865e-01 5.912415320396637863e-01 6.430225352339509204e-01
-5.009636192641443442e-01 -3.562712599057463181e-01 -2.768778357664419265e-01 -2.192914491879011107e-01 -1.727349209597887902e-01 -1.329799762538875496e-01 -9.789198331747096804e-02 -6.622250800712146945e-02 -3.717371675964039474e-02 -1.311567239186130565e-02 4.987794789414393831e-02 1.197705283569333173e-01 1.958174419168774161e-01 2.793798916422222667e-01 3.713401328382618938e-01 4.657351450311801311e-01 5.389280439162377201e-01 5.958250983779160848e-01 6.471901124844970932e-01
-4.992671449044375209e-01 -3.532897320011463838e-01 -2.733795641779347418e-01 -2.154740455576674707e-01 -1.686916693563770830e-01 -1.287660368006789124e-01 -9.354282429565900780e-02 -6.176537094337528067e-02 -3.262426783804397989e-02 -8.499711806458747076e-03 5.464506148743717567e-02 1.246718509687642779e-01 2.008236669560561904e-01 2.844075491137232348e-01 3.763512312604686549e-01 4.707262384922906162e-01 5.437982860463754786e-01 6.003581127484365343e-01 6.513190433304387739e-01
-4.976108475889106653e-01 -3.503671822429612059e-01 -2.699466141608610759e-01 -2.117294657073957587e-01 -1.647246981901838159e-01 -1.246303155811721991e-01 -8.927434257990680966e-02 -5.738783521877443422e-02 -2.815839325632523912e-02 -3.963460485779864498e-03 5.933190397771198610e-02 1.294917258116998482e-01 2.057467574516437803e-01 2.893565485584693175e-01 3.812898889942061831e-01 4.756534559730035139e-01 5.486100763738416264e-01 6.048429480266237501e-01 6.554088308533105867e-01
-4.961675635678390872e-01 -3.478182245828030372e-01 -2.669483941633494228e-01 -2.084598910128209748e-01 -1.612607453125750878e-01 -1.210175673698310750e-01 -8.554440851498344711e-02 -5.356274526905742406e-02 -2.425496204699350081e-02 0.000000000000000000e+00 6.342819145627920374e-02 1.337065829279180662e-01 2.100556894460129387e-01 2.936927672154857616e-01 3.856206103250061079e-01 4.799765238031906134e-01 5.528399457287755947e-01 6.087900242582537924e-01 6.590107514631891039e-01
-4.921206073613476062e-01 -3.406233391958529699e-01 -2.584911476124325813e-01 -1.992249650098724401e-01 -1.514739182346022672e-01 -1.108121738463984651e-01 -7.500358642178087121e-02 -4.275084207787893664e-02 -1.321632393064236383e-02 1.120825780168421652e-02 7.502020350192391274e-02 1.456436959298064715e-01 2.222776885126008239e-01 3.060085380701746405e-01 3.979403198864263635e-01 4.922933443368667783e-01 5.649256953943833093e-01 6.200941916363295059e-01 6.693510452414965783e-01
-4.872060478089314528e-01 -3.318149451456006704e-01 -2.481254687763430888e-01 -1.879063814680392852e-01 -1.394763201056025970e-01 -9.829114232862316836e-02 -6.207163432262920166e-02 -2.947559804680527709e-02 3.391852949724619148e-04 2.497498070366331591e-02 8.927347338554798839e-02 1.603415867805914607e-01 2.373568016349245358e-01 3.212361969459430200e-01 4.132137803144438348e-01 5.076077938426117875e-01 5.800249620933971562e-01 6.342705230820592233e-01 6.823651873089743303e-01
-4.813204458579266043e-01 -3.211572131719897527e-01 -2.355727066057290431e-01 -1.741881335923165519e-01 -1.249249077162186833e-01 -8.310424013588788017e-02 -4.637606518785261644e-02 -1.336285920097581188e-02 1.680169022205273144e-02 4.170635244908663802e-02 1.066079607463521345e-01 1.782445972173877513e-01 2.557684300640137298e-01 3.398783794249080614e-01 4.319697424449860379e-01 5.264766683186388185e-01 5.987454300207589730e-01 6.519293214944132941e-01 6.986478404711040646e-01
-4.743651692471638204e-01 -3.084200124576098045e-01 -2.205496271736080982e-01 -1.577632275423901664e-01 -1.074961423110456088e-01 -6.490588508721674421e-02 -2.755919141144691845e-02 5.962161718693613846e-03 3.655262891407619341e-02 6.178632640476855453e-02 1.274441609877786652e-01 1.997916262265374832e-01 2.779903921321453253e-01 3.624455823096958129e-01 4.547559097462053335e-01 5.494901024912924870e-01 6.217485033248828508e-01 6.737550207358655729e-01 7.188818295829708660e-01
-4.662719330964756881e-01 -2.933932898505293152e-01 -2.028045630632884511e-01 -1.383537272662185291e-01 -8.689309855343019251e-02 -4.338280106447130191e-02 -5.294026024177593374e-03 2.883880492183851438e-02 5.994837841502699549e-02 8.557542910654057644e-02 1.521546413738366910e-01 2.253899642522372015e-01 3.044727823021399771e-01 3.894289933224319711e-01 4.821081646463371562e-01 5.772413850548459013e-01 6.497380743004393944e-01 7.004876117546867675e-01 7.438201498246290733e-01
-4.570061844583595545e-01 -2.759013756700466335e-01 -1.821254717036700777e-01 -1.157225434707748329e-01 -6.285903145503815570e-02 -1.826371745836739488e-02 2.069816142977209256e-02 5.555414348805482599e-02 8.728044129342871216e-02 1.133823827827400293e-01 1.810689962040521739e-01 2.553887631738268049e-01 3.356063271382776492e-01 4.212722316934691680e-01 5.145193144036610544e-01 6.102904644421798253e-01 6.834175326848292986e-01 7.329032698996554851e-01 7.742763935026629740e-01
-4.465671454129153672e-01 -2.558212416642053344e-01 -1.583509898875335165e-01 -8.968892102038081293e-02 -3.520312568098014905e-02 1.064715010709496937e-02 5.062542809921589254e-02 8.632910677591060233e-02 1.187722222800592919e-01 1.454303803097279912e-01 2.144330740285599057e-01 2.900515579578088476e-01 3.716958352029784418e-01 4.583371548032924014e-01 5.524091643101879390e-01 6.491333959980875035e-01 7.234689654524203428e-01 7.717867098681320259e-01 8.111010696499217909e-01
-4.349852880615024397e-01 -2.330636736189185543e-01 -1.313731390228761453e-01 -6.013458550769247568e-02 -3.802064834079061859e-03 4.348196322215466814e-02 8.462549127216176248e-02 1.213020045804111963e-01 1.545735064590985919e-01 1.818772767489486297e-01 2.524026659312271770e-01 3.295463146969095924e-01 4.129304161428087871e-01 5.008896912230649257e-01 5.960978082520411725e-01 6.941770194172673936e-01 7.705174109580311681e-01 8.179050910010150499e-01 8.551492866393158865e-01
-4.223327686454986241e-01 -2.075913547970038853e-01 -1.011323881902205096e-01 -2.699880981505244082e-02 3.141253054722918658e-02 8.031015049858028498e-02 1.227622421354849919e-01 1.605351209612140284e-01 1.947454892712489893e-01 2.227836698491970635e-01 2.950521088493920918e-01 3.739424450581929071e-01 4.593734651071849640e-01 5.490876837776595965e-01 6.457941158711277829e-01 7.457104069157723947e-01 8.250951316292789439e-01 8.719820793348413979e-01 9.072634821526821547e-01
