4.058997980010040085e-01 4.137866184963153171e-01 4.215216571539976420e-01 4.291073239218007873e-01 4.365467820072272964e-01 4.438452085642319300e-01 4.510074277002866228e-01 4.580368022877818746e-01 4.649403339704375471e-01 4.709739418433380731e-01 4.880447676869174023e-01 5.090401114353294565e-01 5.346034565474562239e-01 5.653899182685022673e-01 6.020390030700861761e-01 6.451535454535943792e-01 6.952862137289009814e-01 7.529418840220422071e-01 8.185948341924875749e-01
3.957178501661810510e-01 4.035713668816827693e-01 4.112740392281101776e-01 4.188292407478697021e-01 4.262380000654045764e-01 4.335049296169029009e-01 4.406366341242390905e-01 4.476361219431091443e-01 4.545085105717455165e-01 4.605140604159455586e-01 4.775054259322435990e-01 4.983946516338238486e-01 5.238178562417443729e-01 5.544232758285759788e-01 5.908327018556437382e-01 6.336319410329568358e-01 6.833512892411307549e-01 7.404644362005809999e-01 8.054058122814442555e-01
3.228473624029556954e-01 3.301068975897447078e-01 3.372344240352891376e-01 3.442282522435487491e-01 3.510896408355233533e-01 3.578191919247715180e-01 3.644211157897171427e-01 3.708975525220392089e-01 3.772552351019851091e-01 3.828083523506950470e-01 3.984988397775148794e-01 4.177498973207481869e-01 4.411110906551038435e-01 4.691200674330729958e-01 5.022687476779255089e-01 5.409733448518696530e-01 5.855544262242279308e-01 6.362254192006616682e-01 6.930946147363870047e-01
2.180645705448651384e-01 2.246659309398524040e-01 2.311539603426053524e-01 2.375232754546202085e-01 2.437728791875149181e-01 2.499040359206565198e-01 2.559212737875288246e-01 2.618251730463991844e-01 2.676196297930276691e-01 2.726823714385841479e-01 2.869882214617925920e-01 3.045411015161809121e-01 3.258428109758941260e-01 3.513796986748295437e-01 3.815975576805126224e-01 4.168691023287603437e-01 4.574767561793679493e-01 5.036007379310992738e-01 5.553166591539553387e-01
1.435616333236118258e-01 1.497765748705128797e-01 1.558839421301437822e-01 1.618839827461991954e-01 1.677712817463540285e-01 1.735485166301790338e-01 1.792186452826755316e-01 1.847822477843238942e-01 1.902450263975010158e-01 1.950172704050238681e-01 2.085047335158273507e-01 2.250583280297698829e-01 2.451503773537049014e-01 2.692444327405248972e-01 2.977581919593771387e-01 3.310438248486050061e-01 3.693604618419722985e-01 4.128588604265725492e-01 4.615662684508002878e-01
8.897159908592840172e-02 9.487591485424293203e-02 1.006800079726846014e-01 1.063826981169541663e-01 1.119771853250191157e-01 1.174708882150741762e-01 1.228594793515490891e-01 1.281499058659663903e-01 1.333427106586062838e-01 1.378779390446079889e-01 1.507005305602961143e-01 1.664337155756509534e-01 1.855250821638894654e-01 2.084078484783767060e-01 2.354757849987758611e-01 2.670475593802641989e-01 3.033577630253215252e-01 3.445353834636702417e-01 3.906150186699625104e-01
4.541612382380963431e-02 5.105542216536181760e-02 5.660714263564884524e-02 6.205591772660084410e-02 6.741098156035463251e-02 7.266352084004298884e-02 7.782056432240501420e-02 8.288310094211312484e-02 8.785052170888280054e-02 9.219261627480111743e-02 1.044680767452309811e-01 1.195332202803398858e-01 1.378196906727594817e-01 1.597456180655906777e-01 1.856904949009535455e-01 2.159704953399243232e-01 2.508164049951838726e-01 2.903701585401611274e-01 3.346786139928266679e-01
9.792164167848853643e-03 1.522471011108989490e-02 2.057522188117094294e-02 2.582838888278106773e-02 3.098903155702817380e-02 3.605539460865477691e-02 4.102618428593666350e-02 4.590961698993476642e-02 5.070391320270570268e-02 5.489251861450695352e-02 6.673451969056945488e-02 8.127587979485934033e-02 9.893305096643183194e-02 1.201107626686579444e-01 1.451855543275595295e-01 1.744654103073789986e-01 2.081822865318327387e-01 2.464805924463243092e-01 2.894222017444882389e-01
-1.993561402350308570e-02 -1.467086246707018093e-02 -9.492391362845183783e-03 -4.398985709254435786e-03 6.007792278992745002e-04 5.508593099307099866e-03 1.033056337552050799e-02 1.506332332515483360e-02 1.970934011819779411e-02 2.377005189876772034e-02 3.525418780986368933e-02 4.936145513608326124e-02 6.649498177559148848e-02 8.705394824200619885e-02 1.114042866912377805e-01 1.398511276060331598e-01 1.726303784868765401e-01 2.098852471275909626e-01 2.516800937822876172e-01
-4.263524468918963861e-02 -3.749947528492646176e-02 -3.244777400434038783e-02 -2.748541402109165935e-02 -2.260590991223941290e-02 -1.781654348329851298e-02 -1.311567239186130565e-02 -8.499711806458747076e-03 -3.963460485779864498e-03 0.000000000000000000e+00 1.120825780168421652e-02 2.497498070366331591e-02 4.170635244908663802e-02 6.178632640476855453e-02 8.557542910654057644e-02 1.133823827827400293e-01 1.454303803097279912e-01 1.818772767489486297e-01 2.227836698491970635e-01
-9.512249300626637871e-02 -9.030352890932956400e-02 -8.555924238052359243e-02 -8.089209585631479404e-02 -7.630784742020313427e-02 -7.180663218177088525e-02 -6.738657118775386035e-02 -6.304459284178542955e-02 -5.877781505820482005e-02 -5.504892240614619320e-02 -4.449996662766840527e-02 -3.153050704165698270e-02 -1.576496233501414532e-02 3.172539037907345493e-03 2.562878139656017337e-02 5.189798412819821710e-02 8.220922937732422220e-02 1.167136081443959084e-01 1.554840652259871503e-01
-1.443078088573817863e-01 -1.397942892417724792e-01 -1.353509264309456783e-01 -1.309816001673833052e-01 -1.266882382839026044e-01 -1.224702667349123614e-01 -1.183246845449919676e-01 -1.142519962941772466e-01 -1.102506975642432857e-01 -1.067530790635450866e-01 -9.685092014421547990e-02 -8.467591546537517333e-02 -6.986022779285766537e-02 -5.204775931792384597e-02 -3.091118316467604196e-02 -6.156197316867903849e-03 2.243415682308902426e-02 5.501842374763155769e-02 9.167599545377962122e-02
-1.906914151474385644e-01 -1.864862437696853947e-01 -1.823436534977219414e-01 -1.782669619029486896e-01 -1.742592881859161280e-01 -1.703207787065386947e-01 -1.664507318032702743e-01 -1.626481148392854015e-01 -1.589108113464393068e-01 -1.556436285138592668e-01 -1.463848318595793452e-01 -1.349940594813506534e-01 -1.211270099068232631e-01 -1.044350842140069485e-01 -8.460782490233965947e-02 -6.136524922038708030e-02 -3.448743648228078801e-02 -3.819939905639386894e-03 3.072322531437544912e-02
-2.347346511728003460e-01 -2.308350641339728671e-01 -2.269922442788291361e-01 -2.232104931732248332e-01 -2.194917524207645743e-01 -2.158359044866132170e-01 -2.122413420829956654e-01 -2.087073531783738556e-01 -2.052331033340208666e-01 -2.021930765627078241e-01 -1.935857576705939109e-01 -1.829813466254572030e-01 -1.700618879671901007e-01 -1.544956422742631008e-01 -1.359826552890893991e-01 -1.142519986688241285e-01 -8.909412205821025388e-02 -6.035026834924927391e-02 -2.793091030584606005e-02
-2.768811108111468577e-01 -2.732905949455040062e-01 -2.697506238173981719e-01 -2.662653952443609917e-01 -2.628363674681083451e-01 -2.594643779187424948e-01 -2.561486380701790688e-01 -2.528887489610108785e-01 -2.496834343879846818e-01 -2.468746124510189655e-01 -2.389197275946194077e-01 -2.291105313125006981e-01 -2.171448295455234156e-01 -2.027156578037233314e-01 -1.855315731322320638e-01 -1.653365668543111955e-01 -1.419163324410978311e-01 -1.151218676891682252e-01 -8.485776038832190671e-02
-3.176156700361529306e-01 -3.143422795530975145e-01 -3.111110210455664826e-01 -3.079270167913571998e-01 -3.047937748212354858e-01 -3.017113278731295978e-01 -2.986803261893022365e-01 -2.956969043198143243e-01 -2.927591191713864727e-01 -2.901886826774625061e-01 -2.828990810253796395e-01 -2.739007415960131864e-01 -2.629104720504006343e-01 -2.496408058603328817e-01 -2.338127056771292234e-01 -2.151784396692635326e-01 -1.935359260856404084e-01 -1.687382206255024497e-01 -1.406783115828015296e-01
-3.575401649539508564e-01 -3.545871322899981637e-01 -3.516740844755565920e-01 -3.488041041470838488e-01 -3.459720530894549451e-01 -3.431857354362994883e-01 -3.404455030000234084e-01 -3.377463984268453401e-01 -3.350876001696772577e-01 -3.327620479100576456e-01 -3.261556601571926062e-01 -3.179936074084471209e-01 -3.080041936211795339e-01 -2.959266359102364907e-01 -2.814957791236318840e-01 -2.644801944011991313e-01 -2.446810547713649531e-01 -2.219459262875570771e-01 -1.961777843204899896e-01
-3.974882851183176302e-01 -3.948716147467948856e-01 -3.922821985114260945e-01 -3.897314360512803555e-01 -3.872181513390623442e-01 -3.847380802641726105e-01 -3.822990565764380344e-01 -3.798952689943037031e-01 -3.775263112989020176e-01 -3.754543617718952841e-01 -3.695561323707738377e-01 -3.622610394344756291e-01 -3.533224514334762367e-01 -3.424908067833695724e-01 -3.295259205948394277e-01 -3.142028807576385807e-01 -2.963349506927738797e-01 -2.757788297335130867e-01 -2.524341607521947140e-01
-4.387511570682194328e-01 -4.364839853048452789e-01 -4.342376241757746613e-01 -4.320234600832433824e-01 -4.298381038117662367e-01 -4.276833815876962541e-01 -4.255614784906171510e-01 -4.234666641384631225e-01 -4.214065458352599380e-01 -4.195949874327445928e-01 -4.144507374344681971e-01 -4.080732693835988911e-01 -4.002448720049603392e-01 -3.907404913834698346e-01 -3.793349887373537177e-01 -3.658257386118455301e-01 -3.500352996199070921e-01 -3.318285895694572107e-01 -3.111022831137258970e-01
