1.442399131984242740e+04 1.442399131984242740e+04 1.442399131984242740e+04 1.442399131984242740e+04 1.442399131984242740e+04 1.442399131984242740e+04 1.442399131984242740e+04 1.442399131984242740e+04 1.442399131984242740e+04 1.442399131984242740e+04 1.442399131984242740e+04 1.442399131984242740e+04 1.442399131984242740e+04 1.442399131984242740e+04 1.442399131984242740e+04 1.442399131984242740e+04 1.442399131984242740e+04 1.442399131984242740e+04 1.442399131984242740e+04
5.148698733008041373e-01 5.150526630606333534e-01 5.152354239839851413e-01 5.154177494147046401e-01 5.155993929189170988e-01 5.157801197908792323e-01 5.159590888272668208e-01 5.161367791659136062e-01 5.163116086181727127e-01 5.164639947183162771e-01 5.168910602562573064e-01 5.173921370600162994e-01 5.179328081209705337e-01 5.184271327701567289e-01 5.187048799793924081e-01 5.184994742331749951e-01 5.177099856269693490e-01 5.168642932172079485e-01 5.164012894571243795e-01
3.302713412292426209e-01 3.304339103504767006e-01 3.305971922294180798e-01 3.307597196404096773e-01 3.309216860640099012e-01 3.310820194842296060e-01 3.312415382668333907e-01 3.313988186961356885e-01 3.315535266730407771e-01 3.316881302170262003e-01 3.320616559380433763e-01 3.324933394412618037e-01 3.329458206207991933e-01 3.333342874733988270e-01 3.335024747151303370e-01 3.332198540160660749e-01 3.324647462947753485e-01 3.316863320836979101e-01 3.312290762938051025e-01
2.315022137550896697e-01 2.316542509534008365e-01 2.318060284761287448e-01 2.319574232174418937e-01 2.321083102995627201e-01 2.322578376484919771e-01 2.324056471115274192e-01 2.325511340024507545e-01 2.326937138777701586e-01 2.328176811624693143e-01 2.331604868598672053e-01 2.335527459384619808e-01 2.339574987697412845e-01 2.342901793352039075e-01 2.344011768715131283e-01 2.340860033763910719e-01 2.333666698329171507e-01 2.326361499273493783e-01 2.321956555088476037e-01
1.654382913522313703e-01 1.655831316963451427e-01 1.657276843688825774e-01 1.658719751472733095e-01 1.660152919004229122e-01 1.661575420250131219e-01 1.662978017439882550e-01 1.664356512601369298e-01 1.665705800021330396e-01 1.666878195358566794e-01 1.670100319719537429e-01 1.673760506692169026e-01 1.677466995077098455e-01 1.680400024099498735e-01 1.681124763172908432e-01 1.677853508033768926e-01 1.670950812426877374e-01 1.664002861154938728e-01 1.659788450129403015e-01
1.164456281350860767e-01 1.165845717924707536e-01 1.167230483375398670e-01 1.168615683943177025e-01 1.169992635205523851e-01 1.171354959163354720e-01 1.172696909108330715e-01 1.174016294845471875e-01 1.175306043507839543e-01 1.176422603655245536e-01 1.179490666348092381e-01 1.182943616401706532e-01 1.186404666236033079e-01 1.189061673636702676e-01 1.189534474601273289e-01 1.186180699030668362e-01 1.179537393750295371e-01 1.172890596721236217e-01 1.168834285696886827e-01
7.784776597247286545e-02 7.798131162306408404e-02 7.811536913680137972e-02 7.824912691373001050e-02 7.838214094538682730e-02 7.851400009278133862e-02 7.864350973808739709e-02 7.877081921131291742e-02 7.889507713725289750e-02 7.900257042834259169e-02 7.929691399104507599e-02 7.962630379946079862e-02 7.995247950910988610e-02 8.019605853845747367e-02 8.022635618223702969e-02 7.988742605123118345e-02 7.924404499211874786e-02 7.860472526592841847e-02 7.821324705320460702e-02
4.620793080513068557e-02 4.633786516424932139e-02 4.646782800457997104e-02 4.659712031020683126e-02 4.672580172028773654e-02 4.685326724311175001e-02 4.697843223940678659e-02 4.710153208926291801e-02 4.722122181500100491e-02 4.732501542043208997e-02 4.760849840548457557e-02 4.792420093446063400e-02 4.823523497800579624e-02 4.846303303302389176e-02 4.847857240266743861e-02 4.813603770033382523e-02 4.751319536648411501e-02 4.689760644780580773e-02 4.651900315292933907e-02
1.952213155957674418e-02 1.964870187086894052e-02 1.977534262848425206e-02 1.990145283096020692e-02 2.002691854742292416e-02 2.015100322346063261e-02 2.027310368390265391e-02 2.039263859667639692e-02 2.050929401493203560e-02 2.060985215644477869e-02 2.088464845178162818e-02 2.118946839087053682e-02 2.148647709711433429e-02 2.169960159727893356e-02 2.170302622259124778e-02 2.136067759385697207e-02 2.075588427984247433e-02 2.015932205073152350e-02 1.979219795939231655e-02
-1.067327055323323472e-03 -9.427487707490107101e-04 -8.182187279220909902e-04 -6.945047992480558440e-04 -5.712582614215472223e-04 -4.495021027349492440e-04 -3.297671823551557853e-04 -2.128672894233772932e-04 -9.844211749816869628e-05 0.000000000000000000e+00 2.680054390094278568e-04 5.643318075561022315e-04 8.508582799023928396e-04 1.051800099402750007e-03 1.044372479034459027e-03 7.069469452022014103e-04 1.161616392198834742e-04 -4.673155616307158862e-04 -8.252699601386200880e-04
-4.936029640346792369e-02 -4.924236170200520929e-02 -4.912423115258333917e-02 -4.900632826454884294e-02 -4.888951786076764505e-02 -4.877436557171467568e-02 -4.866095815127479546e-02 -4.855006707236452640e-02 -4.844218019768966460e-02 -4.834936831244912581e-02 -4.809763403132696902e-02 -4.782185774224091690e-02 -4.755930021822546427e-02 -4.738304412931679255e-02 -4.740815894836426098e-02 -4.774335851296253319e-02 -4.829700940194495834e-02 -4.884217874451975139e-02 -4.917658405541663891e-02
-9.530020733272882849e-02 -9.518755744860686596e-02 -9.507520532325847151e-02 -9.496354278747742850e-02 -9.485261239443477932e-02 -9.474285728314783828e-02 -9.463538062726252476e-02 -9.453064925543212815e-02 -9.442861234859759034e-02 -9.434110101388169800e-02 -9.410488210768214179e-02 -9.384826442525869006e-02 -9.360863132926162955e-02 -9.345553853026536406e-02 -9.349650718548835338e-02 -9.381932396763495441e-02 -9.433790456238563826e-02 -9.484661875175440238e-02 -9.515713788382182403e-02
-1.389396329860370927e-01 -1.388328040882841619e-01 -1.387267755797278457e-01 -1.386206187521461519e-01 -1.385157744445025263e-01 -1.384122659664422661e-01 -1.383106716768579270e-01 -1.382118634408787683e-01 -1.381162487764093783e-01 -1.380340025828185879e-01 -1.378129769508572855e-01 -1.375749717359837643e-01 -1.373557236538917314e-01 -1.372220188860749646e-01 -1.372727256589088007e-01 -1.375811481608126552e-01 -1.380668714334165603e-01 -1.385378811899402596e-01 -1.388226966022743369e-01
-1.803376867165754072e-01 -1.802367813441368427e-01 -1.801360703611442071e-01 -1.800354730693761174e-01 -1.799362499418915295e-01 -1.798381359356329978e-01 -1.797423048762909759e-01 -1.796489659143085671e-01 -1.795587977255813927e-01 -1.794814609141964223e-01 -1.792746200225228403e-01 -1.790535148915571306e-01 -1.788539516952967756e-01 -1.787382445307956480e-01 -1.787968773894130226e-01 -1.790874228798595702e-01 -1.795364451634863800e-01 -1.799737015394271833e-01 -1.802336069993025758e-01
-2.195463217034293868e-01 -2.194504135207413775e-01 -2.193544888716028318e-01 -2.192590279570531264e-01 -2.191646067052203661e-01 -2.190717352033009491e-01 -2.189808511649139755e-01 -2.188926915565516662e-01 -2.188077107814365152e-01 -2.187347962035856019e-01 -2.185409577244605550e-01 -2.183362586952277140e-01 -2.181544464639413872e-01 -2.180551183159087913e-01 -2.181199253143626948e-01 -2.183929138980395812e-01 -2.188068416930232241e-01 -2.192058183802821636e-01 -2.194429205154437013e-01
-2.566187901176270048e-01 -2.565279414771415301e-01 -2.564371785510926594e-01 -2.563469010410472371e-01 -2.562575001840139421e-01 -2.561697714232930023e-01 -2.560840936755193753e-01 -2.560009016623726597e-01 -2.559211137830933458e-01 -2.558526525226407222e-01 -2.556714789250826292e-01 -2.554818738199266526e-01 -2.553158921002288140e-01 -2.552293302080582693e-01 -2.552946943164782212e-01 -2.555454901112640398e-01 -2.559246294195132720e-01 -2.562935716648599982e-01 -2.565061329311115745e-01
-2.915976200149344999e-01 -2.915114365290001341e-01 -2.914252644708718032e-01 -2.913397031601226983e-01 -2.912548102268373573e-01 -2.911717545531425366e-01 -2.910908633964554570e-01 -2.910122809604501204e-01 -2.909369083121695621e-01 -2.908727386588458308e-01 -2.907029626681391643e-01 -2.905270797298131757e-01 -2.903754995214894441e-01 -2.903001851422827850e-01 -2.903646942235894035e-01 -2.905951795098525858e-01 -2.909420758194353751e-01 -2.912760746432201397e-01 -2.914668615850414257e-01
-3.245260501039706758e-01 -3.244444132225107746e-01 -3.243628773206591043e-01 -3.242820466301318261e-01 -3.242020420850811879e-01 -3.241235127573482977e-01 -3.240473083235282381e-01 -3.239731463501215325e-01 -3.239018243541652020e-01 -3.238413229869874232e-01 -3.236822909374085233e-01 -3.235183911378995414e-01 -3.233797639119531109e-01 -3.233138721895948975e-01 -3.233732205529306070e-01 -3.235805901218978264e-01 -3.238936106043702745e-01 -3.241988450391143917e-01 -3.243705466602184728e-01
-3.554304906366676509e-01 -3.553528325621521100e-01 -3.552756550787056211e-01 -3.551987955023812038e-01 -3.551228585409472727e-01 -3.550484957381458972e-01 -3.549764271984902075e-01 -3.549066425060234398e-01 -3.548398753292817953e-01 -3.547833278784506272e-01 -3.546348823404522066e-01 -3.544826545288723985e-01 -3.543546249951556870e-01 -3.542938620107121683e-01 -3.543477819477804935e-01 -3.545349583388812120e-01 -3.548187159135590685e-01 -3.550954171378819524e-01 -3.552470482172260802e-01
