1.442399131984242740e+04 1.442399131984242740e+04 1.442399131984242740e+04 1.442399131984242740e+04 1.442399131984242740e+04 1.442399131984242740e+04 1.442399131984242740e+04 1.442399131984242740e+04 1.442399131984242740e+04 1.442399131984242740e+04 1.442399131984242740e+04 1.442399131984242740e+04 1.442399131984242740e+04 1.442399131984242740e+04 1.442399131984242740e+04 1.442399131984242740e+04 1.442399131984242740e+04 1.442399131984242740e+04 1.442399131984242740e+04
5.187444751406885546e-01 5.184882121916956077e-01 5.182316833534492684e-01 5.179753018485037108e-01 5.177187576084275600e-01 5.174620997837967584e-01 5.172057920346170290e-01 5.169487534682796204e-01 5.166921540212825459e-01 5.164639947183162771e-01 5.158001684195766545e-01 5.149446810799561680e-01 5.138395547055140122e-01 5.124122009430792657e-01 5.105766397445292704e-01 5.082090546094799599e-01 5.051666268378117719e-01 5.012637470451859478e-01 4.962789048161342920e-01
3.337341963225424757e-01 3.335040760994984477e-01 3.332740099728936367e-01 3.330438710883614761e-01 3.328136771397023352e-01 3.325834647998563987e-01 3.323532042556284205e-01 3.321232055307351549e-01 3.318927958738171480e-01 3.316881302170262003e-01 3.310921379851226032e-01 3.303253542257648112e-01 3.293346041944719693e-01 3.280545721675718340e-01 3.264081402182031355e-01 3.242850334033397508e-01 3.215584053189994851e-01 3.180600167832504099e-01 3.135897511728098497e-01
2.347313021539540745e-01 2.345158570592181246e-01 2.343003998141780231e-01 2.340850885953231764e-01 2.338694074686671620e-01 2.336539993385610137e-01 2.334383691713316222e-01 2.332229580348883502e-01 2.330081588969660500e-01 2.328176811624693143e-01 2.322620350978620851e-01 2.315446279326611179e-01 2.306173129722915716e-01 2.294197423228527544e-01 2.278818458552680226e-01 2.258964160411708055e-01 2.233486271794893063e-01 2.200786570218441207e-01 2.159014654547808665e-01
1.685060658023943836e-01 1.683014587534354956e-01 1.680971072367904995e-01 1.678926089770721719e-01 1.676884796416348300e-01 1.674835302738499898e-01 1.672793264211566711e-01 1.670743674951402913e-01 1.668695562915762653e-01 1.666878195358566794e-01 1.661574135535207331e-01 1.654722721423768084e-01 1.645909050427901976e-01 1.634544522625692720e-01 1.619869296230726230e-01 1.601005440870120478e-01 1.576712570407190761e-01 1.545607691210529044e-01 1.505855621916036002e-01
1.193905921265637632e-01 1.191939225765052818e-01 1.189972246553124419e-01 1.188006028770595968e-01 1.186040946947344160e-01 1.184073642511096203e-01 1.182108185577141063e-01 1.180140235280761341e-01 1.178172591750220877e-01 1.176422603655245536e-01 1.171323111759950825e-01 1.164735954456645045e-01 1.156255187952086178e-01 1.145331220403742745e-01 1.131225186471027933e-01 1.113080406389663490e-01 1.089736738144976569e-01 1.059831562805209071e-01 1.021619753844007217e-01
8.069728180465725320e-02 8.050635612339526737e-02 8.031602161324578881e-02 8.012543950558763395e-02 7.993475311594083754e-02 7.974410398625439433e-02 7.955352916334315627e-02 7.936272405570103661e-02 7.917186655817859409e-02 7.900257042834259169e-02 7.850829092049067814e-02 7.787214869538409967e-02 7.705272300414486852e-02 7.599441647848793890e-02 7.462710653028800656e-02 7.287284830992940554e-02 7.061212170177877390e-02 6.771813007528079686e-02 6.402037891112316581e-02
4.897290460795718225e-02 4.878674044757456973e-02 4.860121409779059182e-02 4.841550610156834800e-02 4.822980227132825370e-02 4.804350609285196194e-02 4.785876809135296284e-02 4.767403208696781997e-02 4.748913537266338109e-02 4.732501542043208997e-02 4.684630629538634461e-02 4.622783537471606558e-02 4.542900202095672552e-02 4.439721481015042326e-02 4.307246611157720256e-02 4.136384867366189877e-02 3.916857718688589868e-02 3.635135167292564279e-02 3.275511044618435730e-02
2.221670273900344661e-02 2.203561323402833741e-02 2.185421981991013743e-02 2.167276974475339235e-02 2.149136412704818339e-02 2.131094605944050535e-02 2.113072243043035564e-02 2.095047314681632022e-02 2.077015915486351075e-02 2.060985215644477869e-02 2.014249615493823864e-02 1.953883036492369205e-02 1.875894493490824766e-02 1.775176917521824327e-02 1.645983964139778946e-02 1.479209855452635544e-02 1.265015803918073146e-02 9.901116513423173504e-03 6.391950698863036427e-03
1.576339571735061156e-03 1.398817426928354981e-03 1.221626205518430144e-03 1.044290965430447627e-03 8.671491174516437897e-04 6.898758727359888959e-04 5.124142310385788835e-04 3.351275925461784703e-04 1.576966274186994627e-04 0.000000000000000000e+00 -4.599192457083030815e-04 -1.053526501639998362e-03 -1.816205342944533655e-03 -2.800263169096049547e-03 -4.071081630274965731e-03 -5.705800228231437676e-03 -7.806929932793770822e-03 -1.050027065259997311e-02 -1.394099224731655887e-02
-4.684884496730865738e-02 -4.701784291238491481e-02 -4.718639185419934434e-02 -4.735535684763261810e-02 -4.752403301080376785e-02 -4.769275040697221191e-02 -4.786159536074238025e-02 -4.803022400972543904e-02 -4.819925054140110354e-02 -4.834936831244912581e-02 -4.878688662834661238e-02 -4.935218734468636848e-02 -5.008220501717367684e-02 -5.102070620078187624e-02 -5.222951829148799602e-02 -5.379000689131328145e-02 -5.579095457131007241e-02 -5.836067582819420146e-02 -6.164108781141251076e-02
-9.291032969321670609e-02 -9.307142381114769103e-02 -9.323222812922538072e-02 -9.339333091309325041e-02 -9.355409081805596272e-02 -9.371500141607908008e-02 -9.387627283814366230e-02 -9.403715800322795526e-02 -9.419794280916084228e-02 -9.434110101388169800e-02 -9.475821484539685702e-02 -9.529726172895587599e-02 -9.599243795105330546e-02 -9.688492523815286916e-02 -9.803728722821869468e-02 -9.952426521722605723e-02 -1.014291608967427816e-01 -1.038770149933170017e-01 -1.070006015092994783e-01
-1.366699931720447292e-01 -1.368238144648243337e-01 -1.369774560770869176e-01 -1.371311618732131421e-01 -1.372851922137384717e-01 -1.374387847448748923e-01 -1.375927099359095240e-01 -1.377455594849210097e-01 -1.378981300823926837e-01 -1.380340025828185879e-01 -1.384295039474165989e-01 -1.389411109536246858e-01 -1.396013580558690126e-01 -1.404538789675516819e-01 -1.415533310479590023e-01 -1.429633681985852389e-01 -1.447811190194861486e-01 -1.471067953994849298e-01 -1.500795239265474146e-01
-1.781823816248170045e-01 -1.783285293263382476e-01 -1.784748520116066772e-01 -1.786209330717932198e-01 -1.787673203977523384e-01 -1.789135270367216424e-01 -1.790597464539389616e-01 -1.792059852797067976e-01 -1.793521347260918497e-01 -1.794814609141964223e-01 -1.798576701478700191e-01 -1.803438877091534109e-01 -1.809715350241772880e-01 -1.817819851188399727e-01 -1.828281791792564503e-01 -1.841704503023365580e-01 -1.858979016986746502e-01 -1.881116842030532699e-01 -1.909410372189471738e-01
-2.175045962037015224e-01 -2.176429110936754230e-01 -2.177814613574871883e-01 -2.179197937364106274e-01 -2.180581383845075771e-01 -2.181967110500454554e-01 -2.183348859714772383e-01 -2.184733615247569094e-01 -2.186118178770615761e-01 -2.187347962035856019e-01 -2.190934429801040528e-01 -2.195568124887959105e-01 -2.201550278724467014e-01 -2.209274584581375767e-01 -2.219187259927802580e-01 -2.231955180587711363e-01 -2.248410709804679886e-01 -2.269432395439476557e-01 -2.296321724487239424e-01
-2.546800067006472212e-01 -2.548121934097353769e-01 -2.549445740221842338e-01 -2.550768934855333625e-01 -2.552091929763686262e-01 -2.553415738944787017e-01 -2.554734587692340519e-01 -2.556046379399817270e-01 -2.557360059930802176e-01 -2.558526525226407222e-01 -2.561932599074213113e-01 -2.566325029416987036e-01 -2.572002474322557797e-01 -2.579328985928724949e-01 -2.588787249778708999e-01 -2.600918034808966106e-01 -2.616523307303120771e-01 -2.636543061964468637e-01 -2.662093701247877364e-01
-2.897615876006999214e-01 -2.898865043703126032e-01 -2.900115886415771671e-01 -2.901365293494119757e-01 -2.902615821581620015e-01 -2.903864589855009171e-01 -2.905117100293890808e-01 -2.906365901156195974e-01 -2.907616071149472514e-01 -2.908727386588458308e-01 -2.911967877429628149e-01 -2.916149274745620246e-01 -2.921551345246686804e-01 -2.928521810880805321e-01 -2.937499250652392258e-01 -2.949019419356130878e-01 -2.963863155055700416e-01 -2.982871040569434196e-01 -3.007164001297013001e-01
-3.227803056127838688e-01 -3.228997518259403288e-01 -3.230190795795891412e-01 -3.231384255410506556e-01 -3.232577613618944912e-01 -3.233772949226421112e-01 -3.234966125126455538e-01 -3.236158041800004104e-01 -3.237352821702902395e-01 -3.238413229869874232e-01 -3.241492539023168584e-01 -3.245456775105975411e-01 -3.250576359371661894e-01 -3.257181409055308619e-01 -3.265710505179897361e-01 -3.276704643138815820e-01 -3.290771800053292617e-01 -3.308848269750729321e-01 -3.331897451049747327e-01
-3.537762272269125430e-01 -3.538898288708584028e-01 -3.540033523199697107e-01 -3.541169475421058754e-01 -3.542305030330079596e-01 -3.543437464382843127e-01 -3.544576229677563473e-01 -3.545703735368034293e-01 -3.546830969897362129e-01 -3.547833278784506272e-01 -3.550752825698965665e-01 -3.554523003436943496e-01 -3.559390993352428700e-01 -3.565673240820683709e-01 -3.573783073499688934e-01 -3.584226606716106045e-01 -3.597590937791349530e-01 -3.614773265249573431e-01 -3.636672754735105206e-01
