1.442399131984242740e+04 1.442399131984242740e+04 1.442399131984242740e+04 1.442399131984242740e+04 1.442399131984242740e+04 1.442399131984242740e+04 1.442399131984242740e+04 1.442399131984242740e+04 1.442399131984242740e+04 1.442399131984242740e+04 1.442399131984242740e+04 1.442399131984242740e+04 1.442399131984242740e+04 1.442399131984242740e+04 1.442399131984242740e+04 1.442399131984242740e+04 1.442399131984242740e+04 1.442399131984242740e+04 1.442399131984242740e+04
1.176057455863850798e+00 1.162644916228962710e+00 1.057551683921696295e+00 9.003629291101338250e-01 7.923609631833243849e-01 7.125377736016209607e-01 6.480346396842363577e-01 5.950901734798061948e-01 5.506340085144409979e-01 5.164639947183162771e-01 4.365468926747212430e-01 3.603870717959590242e-01 2.873232797146256789e-01 2.167291046465209814e-01 1.479481430004671028e-01 8.018839134833642690e-02 1.239449167909494574e-02 -5.700406500766918433e-02 -1.305423323552422910e-01
9.269064384248484334e-01 9.145694970665363410e-01 8.192225276661557753e-01 6.779695241979888376e-01 5.805324014408271838e-01 5.083304151289601558e-01 4.501037038462871176e-01 4.023732560298976524e-01 3.623747391585193656e-01 3.316881302170262003e-01 2.601444368713484723e-01 1.922893021031811533e-01 1.275120665598338532e-01 6.524736240133385823e-02 4.905876363420375377e-03 -5.419029091008691762e-02 -1.129342173587939147e-01 -1.726093046943053821e-01 -2.352863836924965202e-01
7.927844911021690866e-01 7.809794184146773288e-01 6.906645035721956649e-01 5.582280729895218174e-01 4.664278426031376323e-01 3.984881184830045275e-01 3.437992948460847908e-01 2.990211796231549979e-01 2.615372920539876245e-01 2.328176811624693143e-01 1.659870962961138841e-01 1.027755224194983052e-01 4.260195493962325164e-02 -1.507564617680484491e-02 -7.080945446518431552e-02 -1.252264484964310809e-01 -1.791295655993574432e-01 -2.336724844272702051e-01 -2.906903761783876661e-01
7.023389186547853713e-01 6.908976573698115686e-01 6.040167667294165099e-01 4.776689044824327102e-01 3.897399801094054705e-01 3.247509661339663123e-01 2.725200705001563084e-01 2.297850858713391675e-01 1.940462790456705389e-01 1.666878195358566794e-01 1.031028260928338186e-01 4.308171587815328579e-02 -1.395110864002093234e-02 -6.851207029005355886e-02 -1.211332520355290071e-01 -1.724064534867580656e-01 -2.230773481496520771e-01 -2.742235929332873523e-01 -3.275185844920659450e-01
6.347984653068547978e-01 6.236331225392461874e-01 5.393649513615415003e-01 4.176525199319113257e-01 3.326636546117932025e-01 2.699196927966918125e-01 2.195605999304392209e-01 1.783847374900447980e-01 1.439707574213300589e-01 1.176422603655245536e-01 5.651780464074040305e-02 -1.099803638027498564e-03 -5.576697813661361108e-02 -1.079955569594391318e-01 -1.582934467432974279e-01 -2.072276069715511815e-01 -2.555107770271967116e-01 -3.041462720688377086e-01 -3.547156114367872037e-01
5.812833605294533967e-01 5.703424192397200665e-01 4.881805583186037412e-01 3.701986563158014554e-01 2.875712608664421355e-01 2.266348401561847359e-01 1.777817047328948685e-01 1.378550261142463818e-01 1.045053522065539642e-01 7.900257042834259169e-02 1.984570261474582001e-02 -3.584953344504334533e-02 -8.863463432188692370e-02 -1.390133795710183917e-01 -1.874716739269232935e-01 -2.345612739569577221e-01 -2.809636913298358407e-01 -3.276381369367371565e-01 -3.760753854144535113e-01
5.371986255848979486e-01 5.264479792010289261e-01 4.460477417224888441e-01 3.311785482259844149e-01 2.505183468486977816e-01 1.910863197238037436e-01 1.434910903344633615e-01 1.046045220598379316e-01 7.214025647758624815e-02 4.732501542043208997e-02 -1.019869760811607622e-02 -6.430283157953677053e-02 -1.155336256157481895e-01 -1.643823652749381858e-01 -2.113334085677382734e-01 -2.569097458782216847e-01 -3.017731439068363497e-01 -3.468436930238407712e-01 -3.935525606125714337e-01
4.998685637697499184e-01 4.892799834168240491e-01 4.103924580342854234e-01 2.981872162017121242e-01 2.192080403891115137e-01 1.610648366670231479e-01 1.145416373954573352e-01 7.654811054051996466e-02 4.483879625156093895e-02 2.060985215644477869e-02 -3.552034072225206118e-02 -8.827647616845335499e-02 -1.381858463353997091e-01 -1.857421874161400144e-01 -2.314105531387018189e-01 -2.757117869910904462e-01 -3.192792760458146861e-01 -3.630066392377434559e-01 -4.082617342637360203e-01
4.709739418433380731e-01 4.605140604159455586e-01 3.828083523506950470e-01 2.726823714385841479e-01 1.950172704050238681e-01 1.378779390446079889e-01 9.219261627480111743e-02 5.489251861450695352e-02 2.377005189876772034e-02 0.000000000000000000e+00 -5.504892240614619320e-02 -1.067530790635450866e-01 -1.556436285138592668e-01 -2.021930765627078241e-01 -2.468746124510189655e-01 -2.901886826774625061e-01 -3.327620479100576456e-01 -3.754543617718952841e-01 -4.195949874327445928e-01
4.028540262773740999e-01 3.927061092364114714e-01 3.178948763794769428e-01 2.126682668839692536e-01 1.381351979183602918e-01 8.339335675735851106e-02 3.970386096024074857e-02 4.055160915493336016e-03 -2.566448714667368333e-02 -4.834936831244912581e-02 -1.008297042055172899e-01 -1.500457385582403824e-01 -1.965171101768834749e-01 -2.407077210386820432e-01 -2.830636010964933669e-01 -3.240662673841041008e-01 -3.643059536979274537e-01 -4.045785543322665823e-01 -4.461331977454808251e-01
3.376220572440843948e-01 3.277803960886764290e-01 2.561152883186600393e-01 1.553399607675725047e-01 8.385716215241216520e-02 3.144613956783343101e-02 -1.030209234142209600e-02 -4.434432470592831327e-02 -7.270579981841338024e-02 -9.434110101388169800e-02 -1.443373791112582127e-01 -1.911615482469886107e-01 -2.353107720688955851e-01 -2.772414371977767189e-01 -3.173762522667976094e-01 -3.561803428188820564e-01 -3.942026304202805309e-01 -4.321978169798950109e-01 -4.713197429796539550e-01
2.752570761464481763e-01 2.657154205441473738e-01 1.971872821397616660e-01 1.006584822880250557e-01 3.213951434863853568e-02 -1.801032693114631295e-02 -5.787604818064471385e-02 -9.036519568556823645e-02 -1.174116940556733518e-01 -1.380340025828185879e-01 -1.856364592212803033e-01 -2.301559304229098823e-01 -2.720813824481069232e-01 -3.118531383109930388e-01 -3.498776662078762478e-01 -3.865896109619595400e-01 -4.225204016997837209e-01 -4.583625808337908891e-01 -4.951990810921774178e-01
2.157403082541591577e-01 2.064918994831992927e-01 1.410385185338925429e-01 4.858427802035623216e-02 -1.705954905626563822e-02 -6.502409019921842614e-02 -1.030694182262428538e-01 -1.340550916730538777e-01 -1.598362834183278958e-01 -1.794814609141964223e-01 -2.247807486508523189e-01 -2.670950105499709792e-01 -3.068934910545584316e-01 -3.446031099104582274e-01 -3.806207823880901620e-01 -4.153567511954180391e-01 -4.493043488423969500e-01 -4.831234995229646279e-01 -5.178127191268345753e-01
1.590498107432303798e-01 1.500887190065447463e-01 8.762005290946456304e-02 -9.199989522443036962e-04 -6.378628666656165069e-02 -1.096404013495848734e-01 -1.459316582097436032e-01 -1.754701922408814785e-01 -2.000333846028070628e-01 -2.187347962035856019e-01 -2.618319645718858446e-01 -3.020346041776187374e-01 -3.398068265876484362e-01 -3.755539403783323404e-01 -4.096633532941175715e-01 -4.425293804947796339e-01 -4.746080367394030497e-01 -5.065263029896085456e-01 -5.392061091329438671e-01
1.051661579392142165e-01 9.655394798211294760e-02 3.689298417215539777e-02 -4.789276069781805284e-02 -1.080783204881872600e-01 -1.518989820249493361e-01 -1.865083695995876090e-01 -2.146573104498398776e-01 -2.380501837014477318e-01 -2.558526525226407222e-01 -2.968357605336280902e-01 -3.350228557720147937e-01 -3.708668480683050550e-01 -4.047585296870457872e-01 -4.370612166497728768e-01 -4.681575954015617658e-01 -4.984816914246910091e-01 -5.286126668142914209e-01 -5.594118342917644426e-01
5.423385096653794007e-02 4.607845639962940276e-02 -1.117637955974101760e-02 -9.236789102160229692e-02 -1.499756604660054116e-01 -1.918447531190658750e-01 -2.248415296173359723e-01 -2.516578148624148414e-01 -2.739316927240054156e-01 -2.908727386588458308e-01 -3.298454815127658812e-01 -3.661144673903119484e-01 -4.001249031671509915e-01 -4.322568130056421154e-01 -4.628593127229388426e-01 -4.922920487465764494e-01 -5.209639277561738391e-01 -5.494216687797431886e-01 -5.784643967054244884e-01
6.275426591627540109e-03 -1.600520410015326403e-03 -5.661440383628874029e-02 -1.343708490122974830e-01 -1.895054408976235560e-01 -2.295082726917015981e-01 -2.609629305266815136e-01 -2.865117747466501830e-01 -3.077175240655025679e-01 -3.238413229869874232e-01 -3.608965312059817521e-01 -3.953475323216078530e-01 -4.276256429200686049e-01 -4.580961802744087374e-01 -4.870933829536421289e-01 -5.149627334531109435e-01 -5.420901896428721445e-01 -5.689825039235524295e-01 -5.963881029348111484e-01
-3.890774110124549379e-02 -4.653809738502166088e-02 -9.944062414550715323e-02 -1.739254038115318757e-01 -2.266957043273313821e-01 -2.649166043505730150e-01 -2.949071783826424098e-01 -3.192475597356349004e-01 -3.394406037278385191e-01 -3.547833278784506272e-01 -3.900207668734264055e-01 -4.227552912652445816e-01 -4.533981668655681085e-01 -4.823077477520459899e-01 -5.098005974236307081e-01 -5.362059297019884374e-01 -5.618882225542362052e-01 -5.873197215563580320e-01 -6.132034371892768343e-01
