-8.705224757193738561e-02 -8.142199853751976024e-02 -7.604482335637630097e-02 -7.084255568074880605e-02 -6.578862102642279996e-02 -6.085801259123602147e-02 -5.603288065846764865e-02 -5.130875925403337312e-02 -4.667848869823239960e-02 -4.263524468918963861e-02 -3.121118048005363729e-02 -1.719350614313802303e-02 -1.846864067778170916e-04 2.020492221259337362e-02 4.432795876503244081e-02 7.248972471487999392e-02 1.049206494790188987e-01 1.417890886183306998e-01 1.832020592251077662e-01
-8.141062647341229530e-02 -7.575696140541228474e-02 -7.039777365957840261e-02 -6.525069518701161198e-02 -6.026115020922648974e-02 -5.540334396085244695e-02 -5.066137919306835935e-02 -4.602065593225686951e-02 -4.146998938577619448e-02 -3.749947528492646176e-02 -2.628606899232676167e-02 -1.252856044252161072e-02 4.185943682019903356e-03 2.424174724542715528e-02 4.800542345932700544e-02 7.579260192597833679e-02 1.078433425518041389e-01 1.443469653778085560e-01 1.854094552952049724e-01
-7.562444045942576243e-02 -7.002896612455272729e-02 -6.475068253667096152e-02 -5.968247030428058819e-02 -5.478143799307899631e-02 -5.001573008272273274e-02 -4.535949587384081882e-02 -4.080464917517284684e-02 -3.634268706189289211e-02 -3.244777400434038783e-02 -2.144559008463138572e-02 -7.937192668298002907e-03 8.485172376332433125e-03 2.821698579715498437e-02 5.163180297773439092e-02 7.905397500761980611e-02 1.107385097827008891e-01 1.468790202239060039e-01 1.875965264711876856e-01
-6.983451901089553215e-02 -6.433822485585645456e-02 -5.915249615444843900e-02 -5.418566967132897733e-02 -4.938070115697269780e-02 -4.470488091327943364e-02 -4.014210065459953430e-02 -3.567839331123019014e-02 -3.130502045556435298e-02 -2.748541402109165935e-02 -1.669022839969767913e-02 -3.424788048715261216e-03 1.271457036823263331e-02 3.213275916074786326e-02 5.520764956445195493e-02 8.227508824352171291e-02 1.136015366053800546e-01 1.493853154062472766e-01 1.897671411320293600e-01
-6.410665313719786373e-02 -5.871932220751346909e-02 -5.364398662710126442e-02 -4.877578496816062370e-02 -4.406764946857903709e-02 -3.948900454518295550e-02 -3.501965313983723682e-02 -3.064253802572930452e-02 -2.635188972920578243e-02 -2.260590991223941290e-02 -1.201623348364171465e-02 1.010189905727312907e-03 1.687581977877010073e-02 3.598969810366717953e-02 5.873601445979411556e-02 8.545625378328559896e-02 1.164326705730579781e-01 1.518724708681318536e-01 1.919219713524588922e-01
-5.846853892602896924e-02 -5.319963675542551534e-02 -4.822733598385264137e-02 -4.346318907076112542e-02 -3.885543457774485315e-02 -3.436912634704084729e-02 -2.998643796731804284e-02 -2.569656926512284278e-02 -2.149047921147492768e-02 -1.781654348329851298e-02 -7.423398709354855560e-03 5.369983802212089340e-03 2.097051497438540829e-02 3.978986100034232615e-02 6.221760071907217471e-02 8.860156358024574852e-02 1.192324602119008842e-01 1.543360216512856542e-01 1.940578837113466626e-01
-5.293412538196004546e-02 -4.777843244314063098e-02 -4.291633577809639971e-02 -3.825403316468327375e-02 -3.373798542123161714e-02 -2.934269139354094350e-02 -2.504907661219033313e-02 -2.084427452800001468e-02 -1.672026975595767781e-02 -1.311567239186130565e-02 -2.912179011340602051e-03 9.655740294243583821e-03 2.500076504099822336e-02 4.353522789802175691e-02 6.565296366711488585e-02 9.171024711410358243e-02 1.220072049641217071e-01 1.567745162058751807e-01 1.961811147464004312e-01
-4.750606980628552939e-02 -4.246752300691983978e-02 -3.770807002686194648e-02 -3.314113308829524235e-02 -2.871974123448840788e-02 -2.441464523466393630e-02 -2.020677974005590308e-02 -1.608361205666119370e-02 -1.203615191202735829e-02 -8.499711806458747076e-03 1.519804500926068020e-03 1.387131810389213328e-02 2.896925315954564442e-02 4.722641373086203243e-02 6.904293948811829340e-02 9.478164309611997185e-02 1.247524589450444421e-01 1.591966393739128460e-01 1.982842215681299980e-01
-4.219080113552022004e-02 -3.725889266344639683e-02 -3.260129976107938726e-02 -2.813120530592210303e-02 -2.380100940785013358e-02 -1.958052512068064396e-02 -1.545222881136782203e-02 -1.140639409988030741e-02 -7.435035318830262099e-03 -3.963460485779864498e-03 5.874468165376707865e-03 1.801954437430550518e-02 3.287703884676704269e-02 5.086579115484270164e-02 7.238915543246093875e-02 9.781725550339927244e-02 1.274680149086005465e-01 1.615945302342560730e-01 2.003762475080864136e-01
-3.755208940757855107e-02 -3.271768377676883416e-02 -2.814830116501461366e-02 -2.376029897454416326e-02 -1.950616408478270114e-02 -1.535754305945491970e-02 -1.130002252087322807e-02 -7.321998837226068556e-03 -3.416020481201270317e-03 0.000000000000000000e+00 9.684218015343203784e-03 2.164936685126648760e-02 3.630011169103473934e-02 5.405852486518778616e-02 7.532764505672610855e-02 1.004843323274865058e-01 1.298593146185393343e-01 1.637079350628332652e-01 2.022187147652953210e-01
-2.450226875148578745e-02 -1.993196846962024329e-02 -1.560110182679287812e-02 -1.143320527735428201e-02 -7.388296665381328086e-03 -3.441349812413519501e-03 4.238310604851096525e-04 4.217453205214583521e-03 7.945513549387359792e-03 1.120825780168421652e-02 2.047402980152670388e-02 3.194495841001282477e-02 4.602862516382862090e-02 6.314207887845488254e-02 8.370967551309216326e-02 1.081162694055254614e-01 1.367149409439835372e-01 1.697819734140793013e-01 2.075301069940060916e-01
-8.608588268963001527e-03 -4.340036137259504351e-03 -2.829744869344064432e-04 3.627771892314873587e-03 7.429826978929299219e-03 1.114535974764969788e-02 1.478844306565752637e-02 1.836783769235856081e-02 2.188967329370520437e-02 2.497498070366331591e-02 3.375403695585903890e-02 4.464808247193959023e-02 5.806282789580487907e-02 7.441988056617773739e-02 9.415062918803074332e-02 1.176597609941247846e-01 1.453148958233998200e-01 1.774320063742502174e-01 2.142418182918100766e-01
1.050634791728218692e-02 1.443712087869438929e-02 1.818590029073313685e-02 2.180905851934756071e-02 2.533864647411360194e-02 2.879542483218022406e-02 3.219008523720346543e-02 3.553020265037425823e-02 3.882052268398677314e-02 4.170635244908663802e-02 4.992900138140067556e-02 6.016521494351168009e-02 7.281201092749289838e-02 8.829319888615046186e-02 1.070461284580225686e-01 1.294961242169068993e-01 1.560362891718101164e-01 1.870061008962821125e-01 2.226823709359480041e-01
3.318615036635905180e-02 3.675181510565471432e-02 4.016746859338401338e-02 4.348007514352265207e-02 4.671532531413558065e-02 4.988886453768683060e-02 5.301016063706701087e-02 5.608576891875037551e-02 5.911887323359493046e-02 6.178632640476855453e-02 6.939620328978628183e-02 7.890144786200778415e-02 9.068933515670790646e-02 1.051808522723031020e-01 1.228175006997394014e-01 1.440482928029925835e-01 1.692857288944299987e-01 1.989064127707430296e-01 2.332237243580853880e-01
5.972107770275272842e-02 6.290416523800705650e-02 6.597139972092824767e-02 6.895653757512879012e-02 7.188009432420099099e-02 7.475343058103636751e-02 7.758601222738858993e-02 8.038439024821132650e-02 8.314775441688877777e-02 8.557542910654057644e-02 9.252878434876991853e-02 1.012447738669082220e-01 1.120946173024749970e-01 1.254985318757810275e-01 1.418961735224427978e-01 1.617506099959487298e-01 1.855016685779899421e-01 2.135602848238045137e-01 2.462865007766340819e-01
9.033083401910324550e-02 9.312723769485976855e-02 9.584151943749774638e-02 9.849408512066826216e-02 1.010985926397836160e-01 1.036676709638556099e-01 1.062058967350024974e-01 1.087133300736150276e-01 1.111948454861935581e-01 1.133823827827400293e-01 1.196505692657376108e-01 1.275365248583391620e-01 1.373953041610493919e-01 1.496326725560299387e-01 1.646904215453694198e-01 1.830323248374674250e-01 2.051297853988298114e-01 2.314262606808603906e-01 2.623244361104665190e-01
1.251541510270840207e-01 1.275774175629645346e-01 1.299453051368850975e-01 1.322713278637441536e-01 1.345612455235096760e-01 1.368289617220322107e-01 1.390703790651997840e-01 1.412899750436493740e-01 1.434924462455501593e-01 1.454303803097279912e-01 1.510114640398516062e-01 1.580525263484229004e-01 1.668934900154576406e-01 1.779214440109000706e-01 1.915677957788934072e-01 2.083013226036774801e-01 2.286036887335129719e-01 2.529587488730516420e-01 2.818098699916635752e-01
1.642520612886257392e-01 1.663308988173742842e-01 1.683696429701537767e-01 1.703863182063493631e-01 1.723765760671924496e-01 1.743513302790802577e-01 1.763067728698855530e-01 1.782490347513429885e-01 1.801752700158023857e-01 1.818772767489486297e-01 1.867761675684839195e-01 1.929859695869478031e-01 2.008113041198630599e-01 2.106197568973104950e-01 2.228271903133993426e-01 2.378937853302002248e-01 2.563117694813687453e-01 2.785836860351120770e-01 3.052018307828714416e-01
2.076288242040311427e-01 2.093909131478124408e-01 2.111364550780400473e-01 2.128609193759890550e-01 2.145748374808907621e-01 2.162740994951225237e-01 2.179628213868098074e-01 2.196410357798572466e-01 2.213077598196856455e-01 2.227836698491970635e-01 2.270387348502914404e-01 2.324437779145601679e-01 2.392860136139131899e-01 2.479023221311552894e-01 2.586822494139727757e-01 2.720755139760610009e-01 2.885644236353752112e-01 3.086740868056169207e-01 3.329219059215453580e-01
