-4.136874571739720952e-02 -4.151197319667365021e-02 -4.165532064528167794e-02 -4.179855702578547105e-02 -4.194113185058392923e-02 -4.208363765874589824e-02 -4.222591687592736065e-02 -4.236818927964767362e-02 -4.250994346001701896e-02 -4.263524468918963861e-02 -4.299829852997215374e-02 -4.346454429357792665e-02 -4.406201523347146043e-02 -4.482629170782727324e-02 -4.580001159129958033e-02 -4.702967227764969643e-02 -4.857322626521268227e-02 -5.049341318448969523e-02 -5.283906325612534871e-02
-3.612700254850526038e-02 -3.628229691298308357e-02 -3.643739673501123627e-02 -3.659250302485754502e-02 -3.674717331254154923e-02 -3.690141781856170339e-02 -3.705559351557075748e-02 -3.720950560232717114e-02 -3.736313483910928129e-02 -3.749947528492646176e-02 -3.789575056867715980e-02 -3.840502420003860662e-02 -3.905613390306079957e-02 -3.988621748900959829e-02 -4.094541260099174990e-02 -4.229003966369935391e-02 -4.397786820016186954e-02 -4.608635889017852205e-02 -4.867183353436282250e-02
-3.100234820530069213e-02 -3.116665199532774044e-02 -3.133057453257738489e-02 -3.149344046004993319e-02 -3.165632906213661918e-02 -3.181854583259876440e-02 -3.198078205136398872e-02 -3.214274433357135891e-02 -3.230427615765468774e-02 -3.244777400434038783e-02 -3.286560775912425458e-02 -3.340252765607981678e-02 -3.409237107236594289e-02 -3.497610979620546096e-02 -3.609887569839814736e-02 -3.752841804795854774e-02 -3.933503201545251321e-02 -4.159474937256572857e-02 -4.438774225785897115e-02
-2.598368063484028656e-02 -2.615343098188067233e-02 -2.632293925880299298e-02 -2.649227635380053958e-02 -2.666137840279543883e-02 -2.683027844578185495e-02 -2.699892868704679635e-02 -2.716751116242718464e-02 -2.733591133179192126e-02 -2.748541402109165935e-02 -2.791800725910449990e-02 -2.847436947516291533e-02 -2.918967726094391299e-02 -3.010803949407411112e-02 -3.128465682104309559e-02 -3.277689770612665643e-02 -3.467433739453910924e-02 -3.705629786873611969e-02 -4.002200869894877167e-02
-2.107260920538929841e-02 -2.124550758078134344e-02 -2.141842465598154527e-02 -2.159142719358505408e-02 -2.176377949565847653e-02 -2.193629430288870572e-02 -2.210871681001627675e-02 -2.228101159244110299e-02 -2.245308693716372914e-02 -2.260590991223941290e-02 -2.305097101281145325e-02 -2.362431487644792161e-02 -2.435811534735135564e-02 -2.530074183520449049e-02 -2.651066911106356172e-02 -2.805577423989084884e-02 -3.001828925659728864e-02 -3.249956938300816583e-02 -3.560511511741560470e-02
-1.626360070470517921e-02 -1.643866817595711349e-02 -1.661367241949108717e-02 -1.678854111785470574e-02 -1.696332983748402232e-02 -1.713803732710613564e-02 -1.731266005454492121e-02 -1.748706581688999964e-02 -1.766151162296027144e-02 -1.781654348329851298e-02 -1.826781058781373410e-02 -1.884988868021976113e-02 -1.959970529494107008e-02 -2.056092627186349026e-02 -2.179360456207561983e-02 -2.337542974942436597e-02 -2.538820362081859253e-02 -2.794569888238284880e-02 -3.116143613314081851e-02
-1.154562511981288737e-02 -1.172291565570467153e-02 -1.190012950517441853e-02 -1.207746873439084941e-02 -1.225456824129842782e-02 -1.243170280797517048e-02 -1.260788111333511173e-02 -1.278386822260357998e-02 -1.295968615309069441e-02 -1.311567239186130565e-02 -1.357082438319094642e-02 -1.415779480664002520e-02 -1.491508988419344185e-02 -1.589036299696561932e-02 -1.714034605670020431e-02 -1.874419988896391595e-02 -2.079648246863840741e-02 -2.340877270177993061e-02 -2.670778732791488988e-02
-6.920747586607779375e-03 -7.098453841590073032e-03 -7.276043813263102962e-03 -7.453765900370203958e-03 -7.631617129382297672e-03 -7.809193155608992569e-03 -7.986697130605681719e-03 -8.164290225124663097e-03 -8.341924782472360037e-03 -8.499711806458747076e-03 -8.957709626984980758e-03 -9.547419125981776791e-03 -1.030842886067657310e-02 -1.128962910996529796e-02 -1.255398096956495194e-02 -1.417214571060769653e-02 -1.625177574505335190e-02 -1.890047938335463057e-02 -2.226462897829867282e-02
-2.384746267816504738e-03 -2.562304555497366913e-03 -2.740151200318208333e-03 -2.917780071890148808e-03 -3.095183282837717705e-03 -3.272813047986849154e-03 -3.450432521066231634e-03 -3.628021893829830400e-03 -3.805557011604131061e-03 -3.963460485779864498e-03 -4.423415138041363048e-03 -5.017322849622704931e-03 -5.779188493253792185e-03 -6.762776111883530943e-03 -8.032160975775840331e-03 -9.661816935210679885e-03 -1.175551588386537089e-02 -1.443275874684966237e-02 -1.784409919685100293e-02
1.576339571735061156e-03 1.398817426928354981e-03 1.221626205518430144e-03 1.044290965430447627e-03 8.671491174516437897e-04 6.898758727359888959e-04 5.124142310385788835e-04 3.351275925461784703e-04 1.576966274186994627e-04 0.000000000000000000e+00 -4.599192457083030815e-04 -1.053526501639998362e-03 -1.816205342944533655e-03 -2.800263169096049547e-03 -4.071081630274965731e-03 -5.705800228231437676e-03 -7.806929932793770822e-03 -1.050027065259997311e-02 -1.394099224731655887e-02
1.276773932746756886e-02 1.259254513485223020e-02 1.241748970165841570e-02 1.224208601223612802e-02 1.206648296209328342e-02 1.189125323660516695e-02 1.171578713397674297e-02 1.154017985876615304e-02 1.136457965977420194e-02 1.120825780168421652e-02 1.075315859935386739e-02 1.016455212864624848e-02 9.408120297927402217e-03 8.430530522147030789e-03 7.166264633779982803e-03 5.536790081920602014e-03 3.435530192285681742e-03 7.307687359112660826e-04 -2.745186070648066978e-03
2.649935916766812949e-02 2.632797663896992851e-02 2.615673726504335814e-02 2.598519188939084346e-02 2.581382340819009247e-02 2.564216606365377765e-02 2.547044443358880556e-02 2.529880949711888274e-02 2.512706972684126960e-02 2.497498070366331591e-02 2.453229930806267306e-02 2.395946248337568057e-02 2.321829167958365178e-02 2.225909406820497649e-02 2.101952756069215555e-02 1.942086138332124734e-02 1.735011517659694816e-02 1.467854642920370621e-02 1.122878295769379545e-02
4.316885392809056282e-02 4.300464182663048945e-02 4.284044844743410685e-02 4.267616644181149166e-02 4.251188200694975411e-02 4.234741773241522400e-02 4.218265885996741460e-02 4.201786232318342751e-02 4.185297949364891190e-02 4.170635244908663802e-02 4.127862410158511519e-02 4.072557903132836832e-02 4.001057868313724619e-02 3.908931772995526133e-02 3.789519155370629083e-02 3.634685991697867574e-02 3.434867629672861550e-02 3.175613042466708669e-02 2.839770525693685599e-02
6.316906486479584304e-02 6.301320943120711227e-02 6.285724475561037250e-02 6.270151334219059569e-02 6.254639226173341893e-02 6.239088107569623620e-02 6.223558187039041761e-02 6.208012681689579343e-02 6.192460009452425279e-02 6.178632640476855453e-02 6.138252645478367575e-02 6.085989412436238616e-02 6.018363080894360145e-02 5.930725804383448624e-02 5.817647598395936370e-02 5.671124147341356780e-02 5.480989496130107830e-02 5.234627032832418758e-02 4.914713302245898169e-02
8.686454677413604775e-02 8.671980409369799137e-02 8.657501667927058886e-02 8.643026662174688179e-02 8.628533999736752447e-02 8.614031634423129080e-02 8.599516630757339519e-02 8.584997547415094965e-02 8.570466366369602906e-02 8.557542910654057644e-02 8.519901748176848810e-02 8.471415347026316212e-02 8.408618588564015228e-02 8.327277133952420973e-02 8.221800474817901605e-02 8.085320797439862761e-02 7.908387535970444471e-02 7.678636109176020796e-02 7.379778964646399597e-02
1.145581298603523535e-01 1.144263103905623913e-01 1.142942028370070862e-01 1.141622091927484289e-01 1.140300364127207061e-01 1.138977387573896632e-01 1.137653930296939342e-01 1.136329449246934881e-01 1.135003466372866004e-01 1.133823827827400293e-01 1.130387507577723105e-01 1.125935848198030276e-01 1.120177189688517372e-01 1.112738159929991810e-01 1.103122784638413956e-01 1.090640638204634777e-01 1.074439872848685362e-01 1.053443481532599646e-01 1.026122473802239671e-01
1.464896139851561419e-01 1.463703543318762013e-01 1.462516619972050180e-01 1.461324883338575575e-01 1.460133789543499039e-01 1.458941656733596937e-01 1.457749629639565614e-01 1.456554224385196439e-01 1.455360452848112884e-01 1.454303803097279912e-01 1.451222004525165588e-01 1.447235155275748697e-01 1.442077900298257831e-01 1.435394553578209498e-01 1.426732534447996137e-01 1.415505750182982914e-01 1.400992816428284771e-01 1.382097880136858303e-01 1.357586996042488003e-01
1.828112737863271942e-01 1.827060774655027142e-01 1.826012066840141113e-01 1.824964522325744354e-01 1.823914546412834792e-01 1.822865412935028573e-01 1.821811524755885814e-01 1.820760969550865305e-01 1.819708274544123705e-01 1.818772767489486297e-01 1.816042111665022163e-01 1.812510416671774260e-01 1.807940205928079136e-01 1.802019342810047275e-01 1.794356324256143331e-01 1.784465623639924503e-01 1.771633232012389259e-01 1.754941968536721242e-01 1.733312839338047306e-01
2.235980421833553000e-01 2.235064240535818425e-01 2.234149265703579412e-01 2.233234968147098654e-01 2.232314797644600057e-01 2.231400332838856804e-01 2.230482333081731383e-01 2.229567860523988254e-01 2.228648955072267124e-01 2.227836698491970635e-01 2.225450009066206047e-01 2.222369998341013342e-01 2.218384206831421623e-01 2.213230388965170270e-01 2.206558426543905604e-01 2.197950927593847470e-01 2.186780062114307144e-01 2.172267694115209147e-01 2.153471521447287984e-01
