1.442399131984242740e+04 1.442399131984242740e+04 1.442399131984242740e+04 1.442399131984242740e+04 1.442399131984242740e+04 1.442399131984242740e+04 1.442399131984242740e+04 1.442399131984242740e+04 1.442399131984242740e+04 1.442399131984242740e+04 1.442399131984242740e+04 1.442399131984242740e+04 1.442399131984242740e+04 1.442399131984242740e+04 1.442399131984242740e+04 2.803680303751721503e+00 1.442399131984242740e+04 1.442399131984242740e+04 1.442399131984242740e+04
4.545047775576692706e-01 4.619930894753404571e-01 4.693549329600609221e-01 4.765838447742161699e-01 4.836767330881610594e-01 4.906344128111138625e-01 4.974589117470643029e-01 5.041564045908634162e-01 5.107275619636660879e-01 5.164639947183162771e-01 5.326688066171767488e-01 5.525253994316829953e-01 5.765826178336024288e-01 6.053630905437058507e-01 6.393297772839686699e-01 6.788585640401687549e-01 7.242048521078350287e-01 7.755110784244251265e-01 8.328026339409397849e-01
2.761981628924268795e-01 2.828952224154863138e-01 2.894833395384646124e-01 2.959549259448443492e-01 3.023053879989318626e-01 3.085363193931682235e-01 3.146537436881618466e-01 3.206536626590254513e-01 3.265441642180754167e-01 3.316881302170262003e-01 3.462232472135198247e-01 3.640518691273724183e-01 3.856688423189585935e-01 4.115554895136002145e-01 4.421406274714626550e-01 4.777729647359930665e-01 5.187030387386523111e-01 5.650671581241983876e-01 6.168886479651972676e-01
1.809855006451270010e-01 1.872390428762291115e-01 1.933894159550639813e-01 1.994284566981671669e-01 2.053623460963140690e-01 2.111827012340453391e-01 2.168975230486455685e-01 2.225041769871530795e-01 2.280099864370850604e-01 2.328176811624693143e-01 2.464111434250989274e-01 2.630848967522087523e-01 2.833200302244813229e-01 3.075640107833260695e-01 3.362329150357745156e-01 3.696612151027741100e-01 4.080941620969703587e-01 4.516703218096040917e-01 5.004283182458507673e-01
1.173844257958059495e-01 1.233277574382893177e-01 1.291768234704502027e-01 1.349197386823330902e-01 1.405635276492641916e-01 1.460992922602647182e-01 1.515368331174348493e-01 1.568715057917103306e-01 1.621098218811780067e-01 1.666878195358566794e-01 1.796242946944077157e-01 1.955029207325054141e-01 2.147775037934478159e-01 2.378837849230564516e-01 2.652197717021750889e-01 2.971136650816244562e-01 3.338088681759567855e-01 3.754468199804886774e-01 4.220761148046970335e-01
7.025704276999808484e-02 7.596854606195777015e-02 8.158599879506168995e-02 8.710758096953881424e-02 9.252909830554437165e-02 9.785059347483657244e-02 1.030767374223747895e-01 1.082038086341178679e-01 1.132411693367711691e-01 1.176422603655245536e-01 1.300830229057171605e-01 1.453561335382144160e-01 1.638999766458268115e-01 1.861390759410999074e-01 2.124602038365243917e-01 2.431853189562452888e-01 2.785551309717246293e-01 3.187113986357089646e-01 3.637098702045685195e-01
3.315412199450194081e-02 3.868045049071206637e-02 4.411326057831894271e-02 4.945599179318979632e-02 5.470110523302160188e-02 5.984985007273753432e-02 6.490714460532129304e-02 6.986992242626521854e-02 7.474221419728611926e-02 7.900257042834259169e-02 9.104621239595935001e-02 1.058332689179202896e-01 1.237893041008372580e-01 1.453320133645236711e-01 1.708386051371595937e-01 2.006234943710180352e-01 2.349242820240148022e-01 2.738863422503760026e-01 3.175717692836173556e-01
2.754527997028837199e-03 8.125201681858861338e-03 1.340664841212217337e-02 1.859831195117732719e-02 2.369841609075022323e-02 2.870303299575345177e-02 3.361850003984891144e-02 3.844566888874133281e-02 4.318420393415828284e-02 4.732501542043208997e-02 5.903522149822752751e-02 7.341969505649659222e-02 9.089024747420755557e-02 1.118498616599287176e-01 1.366780112626096444e-01 1.656772478090031142e-01 1.990864400800504697e-01 2.370533411089153497e-01 2.796381507647777154e-01
-2.287068122265717776e-02 -1.763356279236360027e-02 -1.248371930112523835e-02 -7.417042348053768525e-03 -2.442614470880734648e-03 2.439321912855803905e-03 7.235737047853104190e-03 1.194538974826405385e-02 1.656900442596459869e-02 2.060985215644477869e-02 3.203843786998292892e-02 4.607697592589361790e-02 6.312796213184755645e-02 8.359711875882779031e-02 1.078386458464869468e-01 1.361699400599869492e-01 1.688145248712862312e-01 2.059255381813849262e-01 2.475687332756950354e-01
-4.263524468918963861e-02 -3.749947528492646176e-02 -3.244777400434038783e-02 -2.748541402109165935e-02 -2.260590991223941290e-02 -1.781654348329851298e-02 -1.311567239186130565e-02 -8.499711806458747076e-03 -3.963460485779864498e-03 0.000000000000000000e+00 1.120825780168421652e-02 2.497498070366331591e-02 4.170635244908663802e-02 6.178632640476855453e-02 8.557542910654057644e-02 1.133823827827400293e-01 1.454303803097279912e-01 1.818772767489486297e-01 2.227836698491970635e-01
-8.896951195993628436e-02 -8.408271267446758290e-02 -7.926887658232378842e-02 -7.453864461254967877e-02 -6.989345468455514243e-02 -6.533212695121434765e-02 -6.084965733650805203e-02 -5.644880950530616059e-02 -5.212676121813279717e-02 -4.834936831244912581e-02 -3.766430167155809111e-02 -2.453666931448921645e-02 -8.579971705173482580e-03 1.058097285627794884e-02 3.329195878254211788e-02 5.984804215509128417e-02 9.047688303670811671e-02 1.253262086622982663e-01 1.644679946027263473e-01
-1.330150543673478680e-01 -1.283608918760142936e-01 -1.237811121149220428e-01 -1.192799731714170725e-01 -1.148581198620227672e-01 -1.105131165048759967e-01 -1.062457137892472703e-01 -1.020549044248343501e-01 -9.793889626999077724e-02 -9.434110101388169800e-02 -8.416452178390335104e-02 -7.165309273309694582e-02 -5.644492669145330377e-02 -3.817747473760569471e-02 -1.651771870044416862e-02 8.824830757243315449e-03 3.806880935477723743e-02 7.136288487212830156e-02 1.087849168402626882e-01
-1.748281697170698812e-01 -1.704015655757880887e-01 -1.660451355228717285e-01 -1.617621076419379356e-01 -1.575543380469074384e-01 -1.534216498222890634e-01 -1.493626932444456212e-01 -1.453760302282272876e-01 -1.414592830872090090e-01 -1.380340025828185879e-01 -1.283428960790794771e-01 -1.164321710573132246e-01 -1.019476069678674907e-01 -8.454590046503987488e-02 -6.389811398165642919e-02 -3.973725907050518202e-02 -1.183670308290759969e-02 1.994459782955914154e-02 5.569052947829937483e-02
-2.144665840253819900e-01 -2.102609793351107870e-01 -2.061207304192377576e-01 -2.020497916152537987e-01 -1.980478530835983464e-01 -1.941169513238647226e-01 -1.902560126019465503e-01 -1.864635058849214988e-01 -1.827380029477872203e-01 -1.794814609141964223e-01 -1.702609914042322037e-01 -1.589269123805490125e-01 -1.451430384330253398e-01 -1.285695148417006772e-01 -1.089056065615047475e-01 -8.588159581152665645e-02 -5.928545162905152210e-02 -2.897007725639451012e-02 5.147317891199764371e-03
-2.519900879016916950e-01 -2.479941158790913980e-01 -2.440594230054214941e-01 -2.401900116131690799e-01 -2.363873424559125580e-01 -2.326514590567720642e-01 -2.289810137704284820e-01 -2.253756170674566517e-01 -2.218328892747501446e-01 -2.187347962035856019e-01 -2.099724125046150969e-01 -1.991911255407683989e-01 -1.860752436460915704e-01 -1.703056645022871518e-01 -1.515866694840770357e-01 -1.296608090350495623e-01 -1.043218972940087863e-01 -7.542106981238580476e-02 -4.288005898130202442e-02
-2.874458739881941005e-01 -2.836498032602649544e-01 -2.799117406188482704e-01 -2.762356121323479297e-01 -2.726228880003092603e-01 -2.690735377871408818e-01 -2.655865947841439256e-01 -2.621614817019515264e-01 -2.587963027601442034e-01 -2.558526525226407222e-01 -2.475216016229223326e-01 -2.372719335837206733e-01 -2.248013239309017142e-01 -2.098020435113999993e-01 -1.919885418766940910e-01 -1.711164040935125863e-01 -1.469847812425677525e-01 -1.194533960864413297e-01 -8.843058430752634425e-02
-3.208856854213125720e-01 -3.172804824014575642e-01 -3.137300247848254231e-01 -3.102384448854239585e-01 -3.068068220671735236e-01 -3.034352511883307013e-01 -3.001231735492562724e-01 -2.968696847798230065e-01 -2.936717240726085532e-01 -2.908727386588458308e-01 -2.829557012956825379e-01 -2.732141820623456008e-01 -2.613568339537286622e-01 -2.470940376163177354e-01 -2.301505073908646226e-01 -2.102913990312227366e-01 -1.873199230881036903e-01 -1.610967025308786549e-01 -1.315347327705268798e-01
-3.523456424946752041e-01 -3.489226760453091325e-01 -3.455517958854069094e-01 -3.422367913295188413e-01 -3.389787003482422900e-01 -3.357751751814843644e-01 -3.326269481250353488e-01 -3.295342347931781712e-01 -3.264962038608917316e-01 -3.238413229869874232e-01 -3.163181582956016702e-01 -3.070573331761606295e-01 -2.957861065067746154e-01 -2.822270172027647739e-01 -2.661098573382222332e-01 -2.472138805708890552e-01 -2.253524669101246714e-01 -2.003806811927009990e-01 -1.722239752137664781e-01
-3.818628077525320630e-01 -3.786109999088384526e-01 -3.754087534743144050e-01 -3.722595861717754029e-01 -3.691648350626242081e-01 -3.661231508066477569e-01 -3.631314055696660548e-01 -3.601930433345616467e-01 -3.573066854763196076e-01 -3.547833278784506272e-01 -3.476324273527411357e-01 -3.388340151017766311e-01 -3.281196508279644597e-01 -3.152211003863122363e-01 -2.998938917147755956e-01 -2.819177550966940893e-01 -2.611070213090074810e-01 -2.373357053129767358e-01 -2.105136120740695727e-01
