-3.576002726263091680e-02 -3.596233884537473197e-02 -3.616427850106539166e-02 -3.636637373888438468e-02 -3.656815244193967890e-02 -3.676962821049484242e-02 -3.697112179931780207e-02 -3.717249399455135189e-02 -3.737347779134109899e-02 -3.755208940757855107e-02 -3.807205854647140175e-02 -3.874014095553651726e-02 -3.959629632687713258e-02 -4.069562350626689667e-02 -4.210449247910987708e-02 -4.389224775862000244e-02 -4.615790375977271015e-02 -4.898596372928357839e-02 -5.246143538391770389e-02
-3.095230733874292095e-02 -3.115123816389585298e-02 -3.135018996885692577e-02 -3.154901523811987768e-02 -3.174780761261036116e-02 -3.194633743046022822e-02 -3.214504550492754131e-02 -3.234323535084947243e-02 -3.254154965747351608e-02 -3.271768377676883416e-02 -3.323029865588160436e-02 -3.389119619098830694e-02 -3.474096687746209416e-02 -3.582815020496165487e-02 -3.722337496771432885e-02 -3.900447258794587091e-02 -4.126259929809164562e-02 -4.410171818074323097e-02 -4.762034151644685409e-02
-2.640715865090539211e-02 -2.660403591855069541e-02 -2.680114922439307337e-02 -2.699766734329169318e-02 -2.719407012198108570e-02 -2.738946396983516635e-02 -2.758477218794392130e-02 -2.777992321538324400e-02 -2.797491103071801655e-02 -2.814830116501461366e-02 -2.865294472751356292e-02 -2.930400651465741094e-02 -3.014265097481154398e-02 -3.121975846019354670e-02 -3.259797291963009713e-02 -3.436482570790225927e-02 -3.660760311231322367e-02 -3.944385460663353549e-02 -4.298081287837314524e-02
-2.204337995372970121e-02 -2.223685927585953431e-02 -2.243076555849184833e-02 -2.262420759822488664e-02 -2.281768984588900331e-02 -2.301113823945894268e-02 -2.320440239317853037e-02 -2.339768745274564687e-02 -2.358989706936008568e-02 -2.376029897454416326e-02 -2.425722676485055768e-02 -2.489812257879854551e-02 -2.572446691589614157e-02 -2.678891586810083769e-02 -2.815173137413252979e-02 -2.989831480176121520e-02 -3.212564605809089396e-02 -3.495027342483138927e-02 -3.849137880653711458e-02
-1.781415207200719858e-02 -1.800474504924490238e-02 -1.819534555153998895e-02 -1.838536810977055638e-02 -1.857596971532480754e-02 -1.876628616448041895e-02 -1.895666167588164197e-02 -1.914693385650687377e-02 -1.933701495203253573e-02 -1.950616408478270114e-02 -1.999697287937883539e-02 -2.062798447202026861e-02 -2.144230256469466592e-02 -2.249190411969463968e-02 -2.384090116711023652e-02 -2.556659604136072780e-02 -2.777588787955921970e-02 -3.058177612683150859e-02 -3.411587825966873322e-02
-1.369190107377129227e-02 -1.387946027585800456e-02 -1.406697879413878506e-02 -1.425433771967254785e-02 -1.444177187560590110e-02 -1.462919636764281606e-02 -1.481654403416204913e-02 -1.500390853530063351e-02 -1.519122436915208707e-02 -1.535754305945491970e-02 -1.584287165470346648e-02 -1.646613813963921161e-02 -1.726864556416046401e-02 -1.830366009598289115e-02 -1.963757816256860023e-02 -2.134365512181561272e-02 -2.353304535549995136e-02 -2.631660496816050354e-02 -2.983884537035177975e-02
-9.659058206363669088e-03 -9.843651060098086367e-03 -1.002850542672913993e-02 -1.021295404141014766e-02 -1.039771423439611597e-02 -1.058241688094328781e-02 -1.076701322365962096e-02 -1.095162159425521961e-02 -1.113603034092899499e-02 -1.130002252087322807e-02 -1.177814699307322410e-02 -1.239515213389089619e-02 -1.318653868535920974e-02 -1.420755991688201110e-02 -1.552399021414004737e-02 -1.721270133552349826e-02 -1.937888756487481795e-02 -2.214107941525971651e-02 -2.564682499676162325e-02
-5.704741032756698547e-03 -5.886560438046877300e-03 -6.068765722710923495e-03 -6.250735560813631964e-03 -6.432632987965831300e-03 -6.614578215490102622e-03 -6.796297858142179467e-03 -6.978450792002237855e-03 -7.160329233026088008e-03 -7.321998837226068556e-03 -7.793525493974868754e-03 -8.402105897960594760e-03 -9.184265950954610680e-03 -1.019169399251896278e-02 -1.149164227567358795e-02 -1.316234557486628022e-02 -1.530540916613693479e-02 -1.804495788338348825e-02 -2.153067163328198363e-02
-1.821503487628952549e-03 -2.000703757865871998e-03 -2.179880417988611964e-03 -2.359376600923140943e-03 -2.538878901304312055e-03 -2.718427651790604818e-03 -2.897644134194038261e-03 -3.076846962845066098e-03 -3.256438934821981931e-03 -3.416020481201270317e-03 -3.880748829073867555e-03 -4.481283746872699071e-03 -5.254508655490433382e-03 -6.248857152632546381e-03 -7.532759660109202525e-03 -9.185139105661689618e-03 -1.130510429827868632e-02 -1.402119789372508266e-02 -1.748401536239308288e-02
1.576339571735061156e-03 1.398817426928354981e-03 1.221626205518430144e-03 1.044290965430447627e-03 8.671491174516437897e-04 6.898758727359888959e-04 5.124142310385788835e-04 3.351275925461784703e-04 1.576966274186994627e-04 0.000000000000000000e+00 -4.599192457083030815e-04 -1.053526501639998362e-03 -1.816205342944533655e-03 -2.800263169096049547e-03 -4.071081630274965731e-03 -5.705800228231437676e-03 -7.806929932793770822e-03 -1.050027065259997311e-02 -1.394099224731655887e-02
1.120909084051464021e-02 1.103753856786455698e-02 1.086587637692580134e-02 1.069421648870000872e-02 1.052226489276811457e-02 1.035060746894038430e-02 1.017842576106202726e-02 1.000700281815702399e-02 9.836175432141299260e-03 9.684218015343203784e-03 9.241475314873289632e-03 8.669293062099689764e-03 7.929748443832223062e-03 6.974373008292748290e-03 5.742867157348144520e-03 4.157538308536972566e-03 2.111876160613434823e-03 -5.149458929375429683e-04 -3.883254717625526757e-03
2.311178326713324988e-02 2.294729412562887538e-02 2.278310942479870593e-02 2.261827470932624429e-02 2.245405433515149096e-02 2.228943038399945620e-02 2.212500260427969004e-02 2.196055076509739398e-02 2.179541606638335169e-02 2.164936685126648760e-02 2.122273479024998355e-02 2.067457862564054186e-02 1.996572665814723077e-02 1.904908496972182105e-02 1.786347724916178062e-02 1.633775393419939839e-02 1.436608822930357000e-02 1.182792113453777320e-02 8.559356808463354158e-03
3.768911903771349908e-02 3.753281652767478938e-02 3.737681832950396493e-02 3.722053015492634426e-02 3.706451239688435262e-02 3.690804420815593095e-02 3.675173600131061841e-02 3.659533422800534397e-02 3.643886720117960748e-02 3.630011169103473934e-02 3.589667922438452563e-02 3.537560978839573295e-02 3.470114822223536316e-02 3.382908326589362941e-02 3.269997029795185250e-02 3.124736722468128211e-02 2.936595403803130000e-02 2.693956319687609846e-02 2.380492104807622328e-02
5.535814591594179906e-02 5.521153888352235695e-02 5.506486358035827394e-02 5.491918576716510458e-02 5.477323236210927121e-02 5.462706610796409790e-02 5.448112655189552012e-02 5.433469016953530045e-02 5.418854732442678068e-02 5.405852486518778616e-02 5.367883148711430352e-02 5.318838993193029246e-02 5.255340677539974831e-02 5.173223874758865054e-02 5.067330040887539633e-02 4.930443697267224840e-02 4.752964649893096083e-02 4.523974996075022514e-02 4.227412771044070788e-02
7.653457581670619625e-02 7.639914260528594958e-02 7.626356318518570654e-02 7.612792873963850071e-02 7.599211090455863793e-02 7.585606060885788371e-02 7.572017242183415320e-02 7.558458434062710618e-02 7.544831458695118453e-02 7.532764505672610855e-02 7.497472127401214048e-02 7.451873270983974673e-02 7.392853347833144850e-02 7.316947540381717185e-02 7.218616107939856974e-02 7.091196857207511528e-02 6.926433438664975073e-02 6.713002166682534300e-02 6.436613408693350746e-02
1.015912121607574908e-01 1.014670755259407808e-01 1.013428336208547637e-01 1.012181140260557805e-01 1.010939557442808029e-01 1.009692691084749100e-01 1.008444684109384842e-01 1.007200025547942829e-01 1.005952170781649613e-01 1.004843323274865058e-01 1.001617025006129869e-01 9.974602469987139952e-02 9.920785891937763945e-02 9.851149822598338768e-02 9.760952753194135356e-02 9.644052091111644798e-02 9.493279394122243475e-02 9.297281514680592884e-02 9.043675731928284278e-02
1.308567750820919251e-01 1.307441669134883633e-01 1.306319625081996116e-01 1.305194374539996593e-01 1.304068378539395834e-01 1.302948554812691784e-01 1.301831839562913040e-01 1.300707929154501785e-01 1.299590203400462773e-01 1.298593146185393343e-01 1.295687306901915636e-01 1.291928878290497240e-01 1.287061973078046373e-01 1.280769109766558278e-01 1.272616281206915001e-01 1.262075058802767935e-01 1.248444309730490781e-01 1.230733148168875607e-01 1.207810675149742358e-01
1.645958049850189397e-01 1.644957292166017715e-01 1.643956348117965038e-01 1.642955218716221910e-01 1.641952847383312819e-01 1.640958848145294136e-01 1.639961679593796573e-01 1.638964948690495305e-01 1.637966115943857159e-01 1.637079350628332652e-01 1.634490571880223564e-01 1.631141668229818820e-01 1.626810642424587616e-01 1.621205043437401738e-01 1.613946421639033402e-01 1.604541119556461004e-01 1.592412908298448948e-01 1.576654191610325217e-01 1.556223448757399486e-01
2.030014568473358927e-01 2.029134703755666180e-01 2.028256394559010134e-01 2.027376268718663610e-01 2.026496073225442784e-01 2.025613403305376869e-01 2.024734439311190182e-01 2.023853669314803205e-01 2.022971503070408461e-01 2.022187147652953210e-01 2.019900274964829545e-01 2.016954148056101237e-01 2.013151241798839808e-01 2.008233619258096292e-01 2.001865657864776715e-01 1.993615287979428885e-01 1.982916452802812313e-01 1.969098720206338970e-01 1.951146088246148991e-01
