1.442399131984242740e+04 1.192258074582918548e+00 4.620415720936527082e-01 2.944620505645820230e-01 2.023378431222411789e-01 1.393172188413397128e-01 9.185728889660470242e-02 5.403963030107351156e-02 2.275526913817282892e-02 -1.067327055323323472e-03 -5.612810745664086054e-02 -1.077959837462915960e-01 -1.566331308577942616e-01 -2.031266055383290081e-01 -2.477430638018211229e-01 -2.909915849664420073e-01 -3.334928164850636811e-01 -3.761059139687601416e-01 -4.201679475957256216e-01
9.179173938341795846e-01 7.966399026848278719e-01 4.525546501903806584e-01 2.943658184546826262e-01 2.024170116634486372e-01 1.394259712969586062e-01 9.197573513235549059e-02 5.416249071318914032e-02 2.287928486668016834e-02 -9.427487707490107101e-04 -5.600639814395520777e-02 -1.076785282726880344e-01 -1.565214661003102026e-01 -2.030212354895070959e-01 -2.476452624982648232e-01 -2.909010588241306983e-01 -3.334108694826018460e-01 -3.760324312269887614e-01 -4.201034298035024594e-01
7.457035657980294330e-01 6.927813781472843546e-01 4.375300630307147887e-01 2.929710370994426105e-01 2.023789250392406813e-01 1.395173082893112204e-01 9.209112849879921847e-02 5.428440755163300990e-02 2.300291554204070624e-02 -8.182187279220909902e-04 -5.588470207892950320e-02 -1.075614094434772516e-01 -1.564099189839212312e-01 -2.029159981796132550e-01 -2.475473001852282751e-01 -2.908105629564017303e-01 -3.333286852987437099e-01 -3.759589913534926997e-01 -4.200388212005077837e-01
6.614682462489641646e-01 6.269981365531803741e-01 4.266792884499535643e-01 2.897867230168701957e-01 2.020736162819446180e-01 1.395597001475703813e-01 9.219501707343176478e-02 5.440314208994384559e-02 2.312558846520854083e-02 -6.945047992480558440e-04 -5.576312030513982942e-02 -1.074442590349754117e-01 -1.562984943840469432e-01 -2.028108598515730721e-01 -2.474493200109821045e-01 -2.907201588790405133e-01 -3.332463009203118220e-01 -3.758856645723775980e-01 -4.199742653964232963e-01
6.067407681621842519e-01 5.813375151730443280e-01 4.175074093460028335e-01 2.860474319231764984e-01 2.014187933566836397e-01 1.395237597517403338e-01 9.227874457743077963e-02 5.451566716797304896e-02 2.324627923618517722e-02 -5.712582614215472223e-04 -5.564127920692173157e-02 -1.073271151493591091e-01 -1.561870741914871408e-01 -2.027058455697134942e-01 -2.473517368919528059e-01 -2.906297969515420632e-01 -3.331639138854564641e-01 -3.758121840070691166e-01 -4.199097766316259306e-01
5.666358830124833545e-01 5.466698816897589408e-01 4.093292703474637473e-01 2.827149554823519817e-01 2.004143593365626530e-01 1.393897447253261146e-01 9.233457156674769462e-02 5.461955370264236914e-02 2.336369501434877247e-02 -4.495021027349492440e-04 -5.551933046064051747e-02 -1.072096678589886110e-01 -1.560757385658846919e-01 -2.026007908222433596e-01 -2.472540647335278452e-01 -2.905394345156632196e-01 -3.330817506021728214e-01 -3.757389668835721674e-01 -4.198453212444149263e-01
5.351963030629351969e-01 5.188574337349706189e-01 4.018874412547033814e-01 2.797885140351212829e-01 1.991179786994681511e-01 1.391515776055140541e-01 9.235603863306870998e-02 5.471162161562807824e-02 2.347674321770857470e-02 -3.297671823551557853e-04 -5.539783941641504561e-02 -1.070922260213262589e-01 -1.559645623859036712e-01 -2.024957569673063174e-01 -2.471563138340593102e-01 -2.904491572173585889e-01 -3.329994906507972585e-01 -3.756656830124128210e-01 -4.197809343419788841e-01
5.094597757437793195e-01 4.957102034197140017e-01 3.949869264787269629e-01 2.771518839678974722e-01 1.976725701607786045e-01 1.388072386084082399e-01 9.233902385647133060e-02 5.478974162539157478e-02 2.358465087733846444e-02 -2.128672894233772932e-04 -5.527651845973033384e-02 -1.069747464476275972e-01 -1.558533797035557000e-01 -2.023911187883909724e-01 -2.470588056707607172e-01 -2.903589618191695920e-01 -3.329171397727052617e-01 -3.755924725044137436e-01 -4.197164755925472113e-01
4.877467749186223944e-01 4.759351734896256070e-01 3.884317645245936590e-01 2.747207273236730307e-01 1.962336110870025185e-01 1.383574541880300823e-01 9.228031215327971160e-02 5.485191853971656956e-02 2.368598401012476581e-02 -9.844211749816869628e-05 -5.515567932352463676e-02 -1.068570716370266932e-01 -1.557423027650730596e-01 -2.022861341605474150e-01 -2.469613197435837626e-01 -2.902687873905320792e-01 -3.328351479400650792e-01 -3.755193529972393196e-01 -4.196521352038984354e-01
4.709739418433380731e-01 4.605140604159455586e-01 3.828083523506950470e-01 2.726823714385841479e-01 1.950172704050238681e-01 1.378779390446079889e-01 9.219261627480111743e-02 5.489251861450695352e-02 2.377005189876772034e-02 0.000000000000000000e+00 -5.504892240614619320e-02 -1.067530790635450866e-01 -1.556436285138592668e-01 -2.021930765627078241e-01 -2.468746124510189655e-01 -2.901886826774625061e-01 -3.327620479100576456e-01 -3.754543617718952841e-01 -4.195949874327445928e-01
4.314804930103967595e-01 4.237494388323992389e-01 3.663698862734495187e-01 2.671822863536312265e-01 1.918439192586372244e-01 1.361776722868810463e-01 9.175363952993118022e-02 5.492605286053538205e-02 2.397702481668657210e-02 2.680054390094278568e-04 -5.474051475106220255e-02 -1.064496892271570988e-01 -1.553543363733227434e-01 -2.019219188419034972e-01 -2.466224712222655213e-01 -2.899555976970754623e-01 -3.325495654130672940e-01 -3.752649182397936323e-01 -4.194285332399694255e-01
3.936204869697389475e-01 3.879634479089134058e-01 3.451015105282481676e-01 2.606846986171876823e-01 1.883912979547918698e-01 1.338920463973408970e-01 9.081159629655158327e-02 5.477522220189740693e-02 2.415054929601835945e-02 5.643318075561022315e-04 -5.435120567647203083e-02 -1.060601307106225216e-01 -1.549817403852244702e-01 -2.015728686576026829e-01 -2.462976854938623006e-01 -2.896552828272216384e-01 -3.322756068418700748e-01 -3.750192523737436723e-01 -4.192139758946190620e-01
3.572745401980231827e-01 3.531849466077654487e-01 3.212774084382880591e-01 2.528880008157653458e-01 1.845462673380261764e-01 1.313126136920840792e-01 8.925456016033775364e-02 5.427728054347390890e-02 2.420716129881291673e-02 8.508582799023928396e-04 -5.386848057663427836e-02 -1.055608798478635674e-01 -1.545022829799072017e-01 -2.011230347332409185e-01 -2.458784083163890466e-01 -2.892682181690908183e-01 -3.319226500193064866e-01 -3.747025675765345287e-01 -4.189374466356969862e-01
3.223589549092050199e-01 3.194405270107923966e-01 2.959429145617721302e-01 2.433401148544543369e-01 1.800931052757529793e-01 1.285496605411561577e-01 8.730472541833680933e-02 5.326851238618395684e-02 2.401115757235021061e-02 1.051800099402750007e-03 -5.328611097736056512e-02 -1.049247213655044447e-01 -1.538857836052752170e-01 -2.005436588689617494e-01 -2.453357968848726700e-01 -2.887700331635463247e-01 -3.314683053819063585e-01 -3.742949208642196712e-01 -4.185813781870145744e-01
2.888195774154725948e-01 2.867701231864260847e-01 2.696946080968030124e-01 2.304003966272691883e-01 1.747748830868691705e-01 1.255387627045596866e-01 8.520470053594429716e-02 5.185179913819316228e-02 2.340712601214388691e-02 1.044372479034459027e-03 -5.261316850467006451e-02 -1.041214778033822397e-01 -1.530953626931716161e-01 -1.997944535917816067e-01 -2.446384115938104453e-01 -2.881294499913497065e-01 -3.308842456468197302e-01 -3.737704829990727839e-01 -4.181232083137419453e-01
2.566277677545877323e-01 2.552181579815940848e-01 2.429891999485827292e-01 2.134524015932972307e-01 1.682729212498227933e-01 1.220986084893944668e-01 8.302600325413581062e-02 5.029404081314849811e-02 2.245501159807338984e-02 7.069469452022014103e-04 -5.188499273973345288e-02 -1.031206739414939622e-01 -1.520856074317337991e-01 -1.988331431094328416e-01 -2.437425467358176889e-01 -2.873043843421294041e-01 -3.301338008972727889e-01 -3.730967576536703412e-01 -4.175344972924520115e-01
2.257799217334860442e-01 2.248402844971595926e-01 2.162207004516620013e-01 1.942996368096004123e-01 1.599207752274252048e-01 1.180044153772857041e-01 8.068735771251586697e-02 4.875534866380996230e-02 2.140331881410572831e-02 1.161616392198834742e-04 -5.117100497630393263e-02 -1.018918217839264589e-01 -1.507963114334353039e-01 -1.976025207953858720e-01 -2.425947445850123452e-01 -2.862420673894806034e-01 -3.291691746901753701e-01 -3.722324070712762500e-01 -4.167752720072657735e-01
1.963032734542830282e-01 1.957017833899588888e-01 1.897902783743861677e-01 1.738010311026883525e-01 1.477933193348997254e-01 1.129632321896145708e-01 7.802209431184661814e-02 4.723912013683810585e-02 2.046267537311661708e-02 -4.673155616307158862e-04 -5.055360598866521366e-02 -1.004317583445741707e-01 -1.491682678818589125e-01 -1.960271958250356661e-01 -2.411196216454082331e-01 -2.848826869124989614e-01 -3.279282702108771708e-01 -3.711236292720930252e-01 -4.158000418311356694e-01
1.682787723495984267e-01 1.679424781246514342e-01 1.640299458910726982e-01 1.525602327151966697e-01 1.329135045792033953e-01 1.063047742049262057e-01 7.481904775125335083e-02 4.563557742930604566e-02 1.969186813638085579e-02 -8.252699601386200880e-04 -4.997558777385250478e-02 -9.875352650372618002e-02 -1.471373672880776640e-01 -1.940188417676609045e-01 -2.392342080653282743e-01 -2.831433697645030501e-01 -3.263439759513800387e-01 -3.696994379258738417e-01 -4.145535693113662212e-01
