-4.390781227038426798e-02 -3.874903999421993456e-02 -3.366833808977328507e-02 -2.867840231550390293e-02 -2.377905070425952866e-02 -1.896429702836011089e-02 -1.423953126830183533e-02 -9.602079006032927105e-03 -5.048557828269714491e-03 -1.067327055323323472e-03 1.018901479590291967e-02 2.401448098330826939e-02 4.080524322214621608e-02 6.095486228990543154e-02 8.481628612367697606e-02 1.126981370359888129e-01 1.448235342722370422e-01 1.813438937879068569e-01 2.223202374682024807e-01
-4.375886378589505243e-02 -3.860294585715691451e-02 -3.352572115016929505e-02 -2.853906488676169126e-02 -2.364189885076602507e-02 -1.883045463501896791e-02 -1.410852275234685850e-02 -9.473633881243897700e-03 -4.922109845845275798e-03 -9.427487707490107101e-04 1.030799334953861474e-02 2.412633985586056309e-02 4.091021614870633816e-02 6.105131907952113940e-02 8.490391388042002607e-02 1.127772385090141105e-01 1.448934678365945417e-01 1.814050917359126547e-01 2.223733655124704445e-01
-4.361043504401886789e-02 -3.845670911996604963e-02 -3.338319695453304675e-02 -2.839998751450040215e-02 -2.350491885789735003e-02 -1.869653113668574146e-02 -1.397740723586195569e-02 -9.345282396863156815e-03 -4.795352255579896777e-03 -8.182187279220909902e-04 1.042681434910931737e-02 2.423825146735548303e-02 4.101477574851977725e-02 6.114795651421555539e-02 8.499163198839862488e-02 1.128563547632939063e-01 1.449631994954032610e-01 1.814662271485872058e-01 2.224263905527585627e-01
-4.346218250445437609e-02 -3.831130661650739705e-02 -3.324107904889877368e-02 -2.826122947491929022e-02 -2.336860883574989195e-02 -1.856302929996788906e-02 -1.384665559547252831e-02 -9.217468382856154260e-03 -4.669293910218094180e-03 -6.945047992480558440e-04 1.054508047954621011e-02 2.434951368738128008e-02 4.111926918533000130e-02 6.124403671935678417e-02 8.507914044772825479e-02 1.129350551661406493e-01 1.450329804133106137e-01 1.815274097523809915e-01 2.224791530294338848e-01
-4.331513266441213567e-02 -3.816708100003953635e-02 -3.310032236911503861e-02 -2.812357161702621136e-02 -2.323327634474645770e-02 -1.843062528011819856e-02 -1.371700879347136429e-02 -9.090415218999264163e-03 -4.544151412734484356e-03 -5.712582614215472223e-04 1.066239750920052083e-02 2.445994641251587887e-02 4.122318453465561444e-02 6.133973724947090062e-02 8.516635597671003144e-02 1.130137564338316997e-01 1.451023381216202668e-01 1.815882968008026843e-01 2.225317526664514767e-01
-4.317007305810244971e-02 -3.802457382148236031e-02 -3.296098453239686144e-02 -2.798772695356394405e-02 -2.309948197566851977e-02 -1.829971266846880731e-02 -1.358892541089539233e-02 -8.964864135595058958e-03 -4.420414474691149349e-03 -4.495021027349492440e-04 1.077885929139927972e-02 2.456975997739597323e-02 4.132599521718887531e-02 6.143447024682417018e-02 8.525266495436779890e-02 1.130916116404568628e-01 1.451714859260158363e-01 1.816486859868640391e-01 2.225840512655404280e-01
-4.302727143155836431e-02 -3.788448873124269228e-02 -3.282418083802089714e-02 -2.785377546878940389e-02 -2.296784498426172189e-02 -1.817094412179716401e-02 -1.346309110074353846e-02 -8.841550571459504820e-03 -4.298696734505621543e-03 -3.297671823551557853e-04 1.089327675365129797e-02 2.467725824100623286e-02 4.142701543769680694e-02 6.152781230341995700e-02 8.533809927882707314e-02 1.131683124948697217e-01 1.452394302381649349e-01 1.817087118550676228e-01 2.226360654241660297e-01
-4.288777820935331386e-02 -3.774769333669544813e-02 -3.269039714040936767e-02 -2.772311626472451218e-02 -2.283934253147070978e-02 -1.804500641313897327e-02 -1.333967617664974514e-02 -8.720078597274097398e-03 -4.179696505938046772e-03 -2.128672894233772932e-04 1.100524674175574515e-02 2.478314937646035332e-02 4.152598186543805109e-02 6.161937976008714096e-02 8.542204688768995080e-02 1.132443817854816986e-01 1.453068177330718580e-01 1.817679124097182075e-01 2.226877112380794277e-01
-4.275193700146319442e-02 -3.761431081894668627e-02 -3.256000069070913439e-02 -2.759572707617630530e-02 -2.271391478574211892e-02 -1.792233226366187968e-02 -1.321955051317275434e-02 -8.601825895973228345e-03 -4.063506334220101830e-03 -9.844211749816869628e-05 1.111426326732114014e-02 2.488620698950857676e-02 4.162278390406721346e-02 6.170875338191336018e-02 8.550434652475909225e-02 1.133182189410609081e-01 1.453727350518644601e-01 1.818263354643492591e-01 2.227387128223511370e-01
-4.263524468918963861e-02 -3.749947528492646176e-02 -3.244777400434038783e-02 -2.748541402109165935e-02 -2.260590991223941290e-02 -1.781654348329851298e-02 -1.311567239186130565e-02 -8.499711806458747076e-03 -3.963460485779864498e-03 0.000000000000000000e+00 1.120825780168421652e-02 2.497498070366331591e-02 4.170635244908663802e-02 6.178632640476855453e-02 8.557542910654057644e-02 1.133823827827400293e-01 1.454303803097279912e-01 1.818772767489486297e-01 2.227836698491970635e-01
-4.231566018846819738e-02 -3.718672212018658135e-02 -3.214194502959703131e-02 -2.718509572435885702e-02 -2.231186622231891292e-02 -1.752846075121323316e-02 -1.283341106087375338e-02 -8.222058805848378449e-03 -3.690912161840849501e-03 2.680054390094278568e-04 1.146482797990586687e-02 2.521772746881412175e-02 4.193421932016498654e-02 6.199779509103401504e-02 8.576997596142225955e-02 1.135593140422357372e-01 1.455893578463848537e-01 1.820191218697526647e-01 2.229084454221655909e-01
-4.196080351843639589e-02 -3.683966091131376380e-02 -3.180235080521515850e-02 -2.685233894858966505e-02 -2.198619702329014658e-02 -1.720943279865787615e-02 -1.252072318063996402e-02 -7.914958275949251013e-03 -3.389834188489225086e-03 5.643318075561022315e-04 1.174792653891551866e-02 2.548569511730662887e-02 4.218617566199501373e-02 6.223205265129581887e-02 8.598629499432129675e-02 1.137577803047827019e-01 1.457702379898396794e-01 1.821829079966284515e-01 2.230556992777899539e-01
-4.160916585195822970e-02 -3.649641038142296956e-02 -3.146744926377514906e-02 -2.652550002336234031e-02 -2.166681754638911245e-02 -1.689735624669549963e-02 -1.221534790994117936e-02 -7.616906026272057123e-03 -3.097902310716476454e-03 8.508582799023928396e-04 1.202010379457731613e-02 2.574275713236454446e-02 4.242592036519696880e-02 6.245516705828972615e-02 8.619228688578084441e-02 1.139492631224905683e-01 1.459490429938325451e-01 1.823499155395711946e-01 2.232118241215839127e-01
-4.133305815860986721e-02 -3.623050800144849565e-02 -3.121053172393050551e-02 -2.627809485575103784e-02 -2.142886272842017131e-02 -1.666722770027801934e-02 -1.199264526354956555e-02 -7.402836589788990528e-03 -2.891000953259418790e-03 1.051800099402750007e-03 1.220548832093842212e-02 2.591345962958963717e-02 4.257859263376182618e-02 6.259402126379629006e-02 8.631984294832308058e-02 1.140684204388600353e-01 1.460677489389257122e-01 1.824703826505892079e-01 2.233374470160480185e-01
-4.124059310796346356e-02 -3.615350818035039521e-02 -3.114490106427274599e-02 -2.622332487916490332e-02 -2.138872783503225142e-02 -1.663693007697856704e-02 -1.197151590204795744e-02 -7.390208322624334907e-03 -2.890721355726579879e-03 1.044372479034459027e-03 1.217928391788842060e-02 2.587060438280078950e-02 4.251507994810880403e-02 6.251873575065564070e-02 8.624028968684485652e-02 1.139896942328141732e-01 1.460085919654843523e-01 1.824383360218844452e-01 2.233430804684999327e-01
-4.140508734309787664e-02 -3.634301248023581038e-02 -3.135796812831798119e-02 -2.645665995582843072e-02 -2.164231711075684933e-02 -1.691338911613554999e-02 -1.226497222994954797e-02 -7.699468435992026447e-03 -3.214589628995884359e-03 7.069469452022014103e-04 1.180766964791803326e-02 2.546075135785720589e-02 4.207521052216647156e-02 6.204954401293132082e-02 8.576176453733345972e-02 1.135227941436051657e-01 1.455729245401099770e-01 1.820648450584932132e-01 2.230574585707071344e-01
-4.168612245946949624e-02 -3.666319042593348815e-02 -3.172044981834346716e-02 -2.685661239315804277e-02 -2.207699124924733872e-02 -1.738205524781722897e-02 -1.277018800456126632e-02 -8.235925954945431601e-03 -3.780064664604001687e-03 1.161616392198834742e-04 1.114748523088815099e-02 2.472318234536144410e-02 4.125650813512973109e-02 6.115274288609904435e-02 8.479143244609002594e-02 1.125037691401518936e-01 1.445492178236224279e-01 1.810929564770218381e-01 2.222048476423227614e-01
-4.182701840625142192e-02 -3.686098229933540416e-02 -3.197264347139833901e-02 -2.716454812215029352e-02 -2.243570610607217852e-02 -1.778927303864683701e-02 -1.322381099972497025e-02 -8.737487206186195232e-03 -4.326058317989252798e-03 -4.673155616307158862e-04 1.046100814392017866e-02 2.392181341465844657e-02 4.032054189091695273e-02 6.007315331560707933e-02 8.356628983548722300e-02 1.111374703253630719e-01 1.430573576075460929e-01 1.795226240584759381e-01 2.206285825570300230e-01
-4.162566022005018823e-02 -3.673251929943287253e-02 -3.191423377044130816e-02 -2.717287685608229739e-02 -2.250917266039657860e-02 -1.792523600333579409e-02 -1.341978619809427314e-02 -8.991090727584383560e-03 -4.635999873458697754e-03 -8.252699601386200880e-04 9.972978709663134211e-03 2.328025780606335013e-02 3.950631443410642513e-02 5.906579717776992700e-02 8.235059302104952295e-02 1.097097136685843410e-01 1.414223103068064646e-01 1.776910228348581311e-01 2.186403742265313199e-01
