-5.162924238187415193e-01 -3.731152810658702190e-01 -2.955016559112246255e-01 -2.391734476563050493e-01 -1.935651145252638983e-01 -1.545904062868360407e-01 -1.201983294808929154e-01 -8.921171828369843515e-02 -6.089315502934275481e-02 -3.755208940757855107e-02 2.277249183074011099e-02 8.830783782977787155e-02 1.611795354549237225e-01 2.429274073649036192e-01 3.315463010055572646e-01 4.074816459489378762e-01 4.689684082519987030e-01 5.213173515300897343e-01 5.707421867465618526e-01
-5.139286543914780570e-01 -3.700775433206747178e-01 -2.920641131428545756e-01 -2.354703919371997634e-01 -1.896601493003294836e-01 -1.505103379076296044e-01 -1.159468200877619704e-01 -8.477764397940541763e-02 -5.625471852774237280e-02 -3.271768377676883416e-02 2.824792794243397714e-02 9.442777639816889168e-02 1.674408259993481196e-01 2.492731862222116457e-01 3.384023171819726672e-01 4.169920248875916835e-01 4.794430395174556492e-01 5.322162835161153849e-01 5.817889338060262538e-01
-5.115874730059701836e-01 -3.670942014121673647e-01 -2.886888194866497059e-01 -2.318375565158136142e-01 -1.858368645491951798e-01 -1.465321181417259255e-01 -1.118271739367549394e-01 -8.051651509614736468e-02 -5.183677303276632009e-02 -2.814830116501461366e-02 3.335114590135804941e-02 1.002051915718600444e-01 1.734582283757019616e-01 2.554801720087632733e-01 3.448834914489645742e-01 4.262304841164886726e-01 4.896704590097411547e-01 5.428461125464727477e-01 5.925373687128130396e-01
-5.092777380466868564e-01 -3.641595631334319516e-01 -2.853718573697919814e-01 -2.282714719408156789e-01 -1.820851824176113187e-01 -1.426345566678582089e-01 -1.078038760208307328e-01 -7.637405109615851007e-02 -4.756928111092458694e-02 -2.376029897454416326e-02 3.817996511462830311e-02 1.056911674460563194e-01 1.792607512028082384e-01 2.615001510798113382e-01 3.511150170486833644e-01 4.351440238385501091e-01 4.996159764251440483e-01 5.531854618549361113e-01 6.029742104850722706e-01
-5.069924863315000696e-01 -3.612732315386215642e-01 -2.821134258174528564e-01 -2.247663581227518914e-01 -1.784006462470104637e-01 -1.388087471325053779e-01 -1.038609216758730747e-01 -7.232364806679861258e-02 -4.341445873135633959e-02 -1.950616408478270114e-02 4.279589606112860906e-02 1.109260376372243062e-01 1.848715621104854157e-01 2.673374609530292934e-01 3.571527465263135137e-01 4.437099965351748998e-01 5.092790917816779617e-01 5.632381829693460240e-01 6.131139447149107635e-01
-5.047317616066516743e-01 -3.584359458916319685e-01 -2.789105369128692113e-01 -2.213213735536554150e-01 -1.747794856458761703e-01 -1.350502637157995622e-01 -9.999040227099809108e-02 -6.835377061803141197e-02 -3.935286164044133478e-02 -1.535754305945491970e-02 4.724333514707256682e-02 1.159329296249294733e-01 1.903093168597115858e-01 2.730051143461982854e-01 3.632519080189919314e-01 4.519160292061241146e-01 5.186685591173434418e-01 5.730207053853614285e-01 6.229737493865784570e-01
-5.024993157150384748e-01 -3.556458742481884427e-01 -2.757621365113312462e-01 -2.179347765966802297e-01 -1.712196705381527628e-01 -1.313559723748450592e-01 -9.618658079252483117e-02 -6.445611242883746150e-02 -3.537153878949469282e-02 -1.130002252087322807e-02 5.155696702367123380e-02 1.207363544064213173e-01 1.955915375299977499e-01 2.785194639042755105e-01 3.692193472832487333e-01 4.597445134701108049e-01 5.277996843378944813e-01 5.825481838291866055e-01 6.325739721152678907e-01
-5.002849736507337663e-01 -3.528967072099262747e-01 -2.726657362303671617e-01 -2.146040526551067917e-01 -1.677186801338209077e-01 -1.277222308004705431e-01 -9.244649782682790029e-02 -6.062594615076359605e-02 -3.146179280918297988e-02 -7.321998837226068556e-03 5.575606287193853733e-02 1.253659923367619888e-01 2.007269034962784471e-01 2.838917447579876741e-01 3.750333914152782500e-01 4.671647209946326318e-01 5.366830581335375605e-01 5.918384571563959362e-01 6.419329941167487563e-01
-4.980973021533218192e-01 -3.501886774407476088e-01 -2.696200445540568036e-01 -2.113275708421656629e-01 -1.642752177213248066e-01 -1.241478329730461155e-01 -8.876690097905577670e-02 -5.685928252810151101e-02 -2.761918908226360797e-02 -3.416020481201270317e-03 5.985650547134385713e-02 1.298419268279907279e-01 2.057238437702537948e-01 2.891342761565725561e-01 3.807002631194970621e-01 4.741370809402243869e-01 5.453358392850274905e-01 6.009055527581127487e-01 6.510676700898331282e-01
-4.961675635678390872e-01 -3.478182245828030372e-01 -2.669483941633494228e-01 -2.084598910128209748e-01 -1.612607453125750878e-01 -1.210175673698310750e-01 -8.554440851498344711e-02 -5.356274526905742406e-02 -2.425496204699350081e-02 0.000000000000000000e+00 6.342819145627920374e-02 1.337065829279180662e-01 2.100556894460129387e-01 2.936927672154857616e-01 3.856206103250061079e-01 4.799765238031906134e-01 5.528399457287755947e-01 6.087900242582537924e-01 6.590107514631891039e-01
-4.906433991140703998e-01 -3.410780904953629733e-01 -2.593704771335034187e-01 -2.003179785248347111e-01 -1.527018009033547785e-01 -1.121378551861290096e-01 -7.640388002196010775e-02 -4.420292498809997445e-02 -1.471241827274226248e-02 9.684218015343203784e-03 7.350647341663191225e-02 1.444698150962430427e-01 2.221374359913896313e-01 3.064928518089862775e-01 3.994044665598839305e-01 4.957225373241336830e-01 5.737876474113557945e-01 6.309148461978703049e-01 6.813120839814273966e-01
-4.837012180832877539e-01 -3.327199981505095661e-01 -2.499995379088587599e-01 -1.902577455232872250e-01 -1.421275848697498290e-01 -1.011615676700577948e-01 -6.510522559116155294e-02 -3.263767779507700112e-02 -2.921388159425675375e-03 2.164936685126648760e-02 8.590651744732955009e-02 1.575028424312396313e-01 2.366296149020355177e-01 3.220764733895593590e-01 4.161372377366860387e-01 5.143438956458448175e-01 5.989808686874384946e-01 6.578217813068264475e-01 7.084702680791942209e-01
-4.750254203283710841e-01 -3.224515907731913544e-01 -2.385131503391035024e-01 -1.779329567477254126e-01 -1.291801820657517696e-01 -8.772479779433228764e-02 -5.127113271608513267e-02 -1.847575066318571033e-02 1.151727133726958112e-02 3.630011169103473934e-02 1.010608917320515165e-01 1.732599851828301729e-01 2.537408209600181541e-01 3.408626114819665598e-01 4.362730909845091709e-01 5.365792498665711285e-01 6.287115511982757088e-01 6.902317604757678415e-01 7.412663176062540549e-01
-4.642554352586246158e-01 -3.099454243916822671e-01 -2.245780548745668348e-01 -1.629989840714634042e-01 -1.134967309049172562e-01 -7.144871856349867267e-02 -3.451448024695800282e-02 -1.320338829066194713e-03 2.901059771102212220e-02 5.405852486518778616e-02 1.194192878054056994e-01 1.922348538761472214e-01 2.738413097917319350e-01 3.632315013025523842e-01 4.602596302321631527e-01 5.631838071439171367e-01 6.623627799207383315e-01 7.288784073105568639e-01 7.805400923194055762e-01
-4.509757930431381179e-01 -2.948698222644112743e-01 -2.078502505338535311e-01 -1.451047953079367681e-01 -9.471344632209571790e-02 -5.196273661190375232e-02 -1.445027030310170463e-02 1.922653051548367520e-02 4.996732996712598823e-02 7.532764505672610855e-02 1.414164832471156985e-01 2.149226638691840718e-01 2.974672718500221413e-01 3.894223070057033498e-01 4.885152649697976357e-01 5.945436869728916163e-01 6.987326046185343698e-01 7.744392037785114979e-01 8.271766055358206193e-01
-4.347210434640248478e-01 -2.768793922234577543e-01 -1.880020742454371341e-01 -1.239083424171488756e-01 -7.248954718150024679e-02 -2.891686837664450213e-02 9.273489489869540109e-03 4.352027146381980127e-02 7.474765413114527191e-02 1.004843323274865058e-01 1.674516320778810519e-01 2.417703955082244061e-01 3.251851807956436247e-01 4.193586826458419736e-01 5.214180967643353704e-01 6.311014889104495929e-01 7.399288894516585779e-01 8.274256409557140257e-01 8.821003805456296698e-01
-4.149759901352590985e-01 -2.556159339651890017e-01 -1.647169643745575729e-01 -9.911168455195112914e-02 -4.651885926947400135e-02 -2.002680435321289604e-03 3.697124275815998062e-02 7.188236575111053850e-02 1.036788696858663983e-01 1.298593146185393343e-01 1.978656925095239882e-01 2.731490251548258641e-01 3.574887503699683555e-01 4.532821344175944622e-01 5.592655111942568258e-01 6.731459190213393562e-01 7.873045374723113277e-01 8.877327301018417272e-01 9.462503510370391391e-01
-3.911785150788418819e-01 -2.307293757323631012e-01 -1.376963041387522513e-01 -7.043261747073308043e-02 -1.653716031037736831e-02 2.904182736677838467e-02 6.890235189602564314e-02 1.045641715010032641e-01 1.370173592685460517e-01 1.637079350628332652e-01 2.329235059510805506e-01 3.093497891933711941e-01 3.947455635785037664e-01 4.918395058516224494e-01 6.021151928219453664e-01 7.207946314573959734e-01 8.417016797590374244e-01 9.522540776278465291e-01 1.020570085913021563e+00
-3.627262794654751432e-01 -2.018329320573807040e-01 -1.066540615752083337e-01 -3.762980690361218683e-02 1.767872492561599340e-02 6.442225004991165849e-02 1.052615006970230721e-01 1.417676900568315135e-01 1.749513569664178092e-01 2.022187147652953210e-01 2.728169164881807940e-01 3.505642614514024036e-01 4.371996295119892073e-01 5.355460043742152898e-01 6.493380374184316572e-01 7.740764196459312130e-01 9.036184929545439948e-01 1.021426443152360530e+00 1.105957094002640639e+00
