5.172162572641957621e-04 3.389543287905300473e-04 1.606871021881097145e-04 -1.715709272360131757e-05 -1.954773337827159837e-04 -3.737712049320384713e-04 -5.521746914299892209e-04 -7.302448128498575291e-04 -9.088448597835653217e-04 -1.067327055323323472e-03 -1.528482977635910872e-03 -2.121291253424661440e-03 -2.887357825541979513e-03 -3.876356590560886724e-03 -5.153734681267423644e-03 -6.791174173958178240e-03 -8.903149764824952461e-03 -1.160450696651232905e-02 -1.505669162171260206e-02
6.406321031068327792e-04 4.627131638053523250e-04 2.844622320062073517e-04 1.066264518425273476e-04 -7.165685691455336002e-05 -2.499815576043626711e-04 -4.280000628358988056e-04 -6.059952113910681845e-04 -7.842185748717483409e-04 -9.427487707490107101e-04 -1.404302069494485971e-03 -1.996865238530405508e-03 -2.762255171805080931e-03 -3.750736489875331446e-03 -5.026884305656624703e-03 -6.664105579255507304e-03 -8.774283421499658869e-03 -1.147415842847418488e-02 -1.492433967603847000e-02
7.640589607311075926e-04 5.861038882890378483e-04 4.080319333957917530e-04 2.302433934589614409e-04 5.207039817683005727e-05 -1.260282299269840348e-04 -3.041928597699897988e-04 -4.820052661808109850e-04 -6.601099157534136156e-04 -8.182187279220909902e-04 -1.279644277252386768e-03 -1.872720261814192749e-03 -2.637385953313501827e-03 -3.624902649699095029e-03 -4.900216685762044146e-03 -6.536797638636171297e-03 -8.645743326482012436e-03 -1.134441876947685397e-02 -1.479259430904423904e-02
8.868697642520716575e-04 7.089045841655738792e-04 5.311034913592367190e-04 3.530684327069540909e-04 1.754609583975017450e-04 -2.581339755623576408e-06 -1.803570430401888933e-04 -3.581481152455980315e-04 -5.363813511736837195e-04 -6.945047992480558440e-04 -1.155486005566591081e-03 -1.748411605184486571e-03 -2.512566165987454615e-03 -3.499819008105740838e-03 -4.774026603808963556e-03 -6.410311823308889080e-03 -8.517390815688023753e-03 -1.121485641703875470e-02 -1.466130254592526092e-02
1.008803105936125931e-03 8.310431623188406112e-04 6.534814372956443840e-04 4.756730368971959352e-04 2.978563272196293110e-04 1.202407620833809799e-04 -5.761414348002555044e-05 -2.353895369157518681e-04 -4.131788431791297007e-04 -5.712582614215472223e-04 -1.032084041121053997e-03 -1.625460364764648403e-03 -2.388995584450488967e-03 -3.375306189659636313e-03 -4.648842640355967289e-03 -6.284813542828824630e-03 -8.390389061787255701e-03 -1.108659537729596821e-02 -1.453150938974868793e-02
1.129507302498195193e-03 9.518143341309154726e-04 7.744251760590791260e-04 5.968128857460440603e-04 4.190163648612854185e-04 2.413712792071777402e-04 6.373782315172839632e-05 -1.139046134941833509e-04 -2.916020001941123222e-04 -4.495021027349492440e-04 -9.099876501822292503e-04 -1.503800731384270437e-03 -2.266831867373360170e-03 -3.252732858962924592e-03 -4.525270220936425912e-03 -6.160833779362645708e-03 -8.265083127952715589e-03 -1.096043989467346096e-02 -1.440363671528792355e-02
1.248456490854838981e-03 1.070674810453943948e-03 8.934328583319762346e-04 7.158442419763573396e-04 5.382174256890824137e-04 3.607610936542569001e-04 1.832566494406835450e-04 5.382948640972260839e-06 -1.719822426099243049e-04 -3.297671823551557853e-04 -7.901507267561475468e-04 -1.384140552058925984e-03 -2.146698349767035049e-03 -3.131966082502475688e-03 -4.403908854627575954e-03 -6.039031261072512827e-03 -8.142554915889591363e-03 -1.083659813260197044e-02 -1.427879777824847367e-02
1.364813228007312994e-03 1.187185257112792535e-03 1.010039236797104830e-03 8.323361935599511967e-04 6.549578218603972941e-04 4.776514672240557749e-04 3.002586320776821026e-04 1.227454338123044159e-04 -5.480590231319195217e-05 -2.128672894233772932e-04 -6.727284977920676987e-04 -1.266772782889497365e-03 -2.029445532562452418e-03 -3.013898246263925149e-03 -4.285482378312365989e-03 -5.920361217599467811e-03 -8.022582225677084983e-03 -1.071625744535115166e-02 -1.415770270606602453e-02
1.478295831292935226e-03 1.301021215333487448e-03 1.123560381219811371e-03 9.463289719936321441e-04 7.687542936716220332e-04 5.913614124357064556e-04 4.142197199234629794e-04 2.366509939319560594e-04 5.928295630199055711e-05 -9.844211749816869628e-05 -5.583507392738619544e-04 -1.152401318649876613e-03 -1.914774480546542609e-03 -2.899110814265535522e-03 -4.170152642384606333e-03 -5.804876369444643761e-03 -7.906572339870073657e-03 -1.060013508162617989e-02 -1.404085780147048580e-02
1.576339571735061156e-03 1.398817426928354981e-03 1.221626205518430144e-03 1.044290965430447627e-03 8.671491174516437897e-04 6.898758727359888959e-04 5.124142310385788835e-04 3.351275925461784703e-04 1.576966274186994627e-04 0.000000000000000000e+00 -4.599192457083030815e-04 -1.053526501639998362e-03 -1.816205342944533655e-03 -2.800263169096049547e-03 -4.071081630274965731e-03 -5.705800228231437676e-03 -7.806929932793770822e-03 -1.050027065259997311e-02 -1.394099224731655887e-02
1.843865374944563115e-03 1.666785093600172806e-03 1.489485411643513791e-03 1.312106441968993254e-03 1.134846140955161507e-03 9.575538852161850608e-04 7.804370655166442293e-04 6.030684118016338153e-04 4.257217291184146228e-04 2.680054390094278568e-04 -1.915122864616793476e-04 -7.851488578015173702e-04 -1.548465994846824666e-03 -2.532129078742141864e-03 -3.802865085585137393e-03 -5.438222162856658215e-03 -7.539436240758107949e-03 -1.023354089932964305e-02 -1.367576349581598426e-02
2.141049642412780427e-03 1.963765825399935595e-03 1.786330817973531392e-03 1.609105394049706490e-03 1.431702949725292525e-03 1.254449557536250169e-03 1.077025624983744129e-03 8.996798315050258746e-04 7.220106421689138909e-04 5.643318075561022315e-04 1.043204320723426165e-04 -4.897802997066914204e-04 -1.253821854761174616e-03 -2.238435431376719058e-03 -3.510068349689136891e-03 -5.147461735389040338e-03 -7.250922062297268829e-03 -9.949302433320520236e-03 -1.339730953709701751e-02
2.431456527177307692e-03 2.253712154189433953e-03 2.075981932565527151e-03 1.898209377365406595e-03 1.720380490210038013e-03 1.542557668520101429e-03 1.364725841787181419e-03 1.186957097686732604e-03 1.008997216510042942e-03 8.508582799023928396e-04 3.898025370496935272e-04 -2.058190509824097433e-04 -9.712532176241640705e-04 -1.958660285920439757e-03 -3.233824863687641531e-03 -4.875302559225403592e-03 -6.985876245206408368e-03 -9.692908620241426007e-03 -1.315416342624519189e-02
2.640560882531204061e-03 2.461865653983681158e-03 2.283228308301370104e-03 2.104568132376815476e-03 1.925825978144792092e-03 1.747092065154907730e-03 1.568414114393995758e-03 1.389563875640638466e-03 1.210788517036998036e-03 1.051800099402750007e-03 5.883735318176278040e-04 -8.966625888475001401e-06 -7.775558905836750349e-04 -1.770494652469166864e-03 -3.053147676838436405e-03 -4.701848635779504355e-03 -6.825812207039784300e-03 -9.548488482571622360e-03 -1.303248941499567104e-02
2.646293270714690331e-03 2.466225144906549274e-03 2.286012080270500776e-03 2.105925804874802902e-03 1.925639218193007322e-03 1.745490403835485167e-03 1.565185877225406651e-03 1.385036621316831831e-03 1.204622107335789590e-03 1.044372479034459027e-03 5.795410751608794054e-04 -2.062977107401439716e-05 -7.959856910844532573e-04 -1.797863268154363970e-03 -3.089894712992975571e-03 -4.751282205597631703e-03 -6.893093444635558717e-03 -9.640751953904113172e-03 -1.315638754260601423e-02
2.316600423006561459e-03 2.134925953822046710e-03 1.953184142177495208e-03 1.771454547342254200e-03 1.590748078324233936e-03 1.410049661640439510e-03 1.229297017607263376e-03 1.048529633034255525e-03 8.677000651516009145e-04 7.069469452022014103e-04 2.383320104241646860e-04 -3.672283321614779441e-04 -1.149580675333810014e-03 -2.159231790965134273e-03 -3.457197952880338397e-03 -5.133546921583955099e-03 -7.287819118625888694e-03 -1.005678500997110071e-02 -1.359828586002500422e-02
1.727910003419254282e-03 1.546681855712298817e-03 1.365423256926675622e-03 1.184091076351039386e-03 1.002759172292603347e-03 8.214842040747767551e-04 6.401506437101027198e-04 4.587653548020862327e-04 2.774297174094164219e-04 1.161616392198834742e-04 -3.539610709818043319e-04 -9.612672653443291070e-04 -1.743378411697336884e-03 -2.751312194114965970e-03 -4.053077848143065744e-03 -5.730249935805425097e-03 -7.886686367905539757e-03 -1.065519566224082219e-02 -1.419714491889512847e-02
1.138521815878097481e-03 9.579212608952117174e-04 7.772516807788235754e-04 5.965979975085737141e-04 4.159437991543532055e-04 2.353560590881581007e-04 5.462934436161667729e-05 -1.259927091246899129e-04 -3.066796770423755279e-04 -4.673155616307158862e-04 -9.355868135175528797e-04 -1.537565248874184567e-03 -2.315007327369008640e-03 -3.319046710346707212e-03 -4.615460872595075238e-03 -6.281272921245311010e-03 -8.428263326888285611e-03 -1.118018275528678829e-02 -1.470112267520298950e-02
7.669491176692886519e-04 5.878284363374895608e-04 4.087146752443804472e-04 2.295705040475586956e-04 5.045226825087633645e-05 -1.286177920542338105e-04 -3.077964244552543562e-04 -4.868739621543686819e-04 -6.660324745622648061e-04 -8.252699601386200880e-04 -1.288586823146404105e-03 -1.885516584886926927e-03 -2.656469392384467210e-03 -3.651920390316836049e-03 -4.936935467530932306e-03 -6.587960682078946618e-03 -8.715839098972173737e-03 -1.144336849398618766e-02 -1.493284465531521422e-02
