-4.955237063107053586e-01 -4.955773549009944157e-01 -4.956518067816156337e-01 -4.957264574518613354e-01 -4.958012610872269410e-01 -4.958757131162651044e-01 -4.959511061727759906e-01 -4.960257706415313605e-01 -4.961011170258718961e-01 -4.961675635678390872e-01 -4.963613836148210168e-01 -4.966127179708227923e-01 -4.969364561243624356e-01 -4.973551747621986485e-01 -4.978967552900782079e-01 -4.985951352697559069e-01 -4.994920560771972662e-01 -5.006490126728696533e-01 -5.021361336710589152e-01
-3.467789401664155835e-01 -3.468957530720310212e-01 -3.470127098622282635e-01 -3.471295718375054240e-01 -3.472464740747150946e-01 -3.473634079316451628e-01 -3.474805000286185219e-01 -3.475973221863906670e-01 -3.477141702229044062e-01 -3.478182245828030372e-01 -3.481212393374799041e-01 -3.485127247432113218e-01 -3.490149689680650535e-01 -3.496632739416756785e-01 -3.505004785072958762e-01 -3.515808791258259736e-01 -3.529691010642086457e-01 -3.547500413720240942e-01 -3.570288156211464670e-01
-2.657469084359029843e-01 -2.658829397886884327e-01 -2.660180392368872160e-01 -2.661527936201038003e-01 -2.662880165275364197e-01 -2.664230798993996729e-01 -2.665579569133155191e-01 -2.666934465246105224e-01 -2.668282167593932774e-01 -2.669483941633494228e-01 -2.672987402985101957e-01 -2.677507518982077950e-01 -2.683347354659694761e-01 -2.690892399680132607e-01 -2.700602981144749615e-01 -2.713085573399661721e-01 -2.729181643164280135e-01 -2.749795945278835085e-01 -2.776184456424564684e-01
-2.071516982119399053e-01 -2.072987163861655102e-01 -2.074459592641356709e-01 -2.075931610619523859e-01 -2.077401529444808104e-01 -2.078876674636081501e-01 -2.080346739878231044e-01 -2.081822209839994942e-01 -2.083292237560591398e-01 -2.084598910128209748e-01 -2.088416525302057569e-01 -2.093347036348520984e-01 -2.099672043343087102e-01 -2.107835610892064837e-01 -2.118376917399917014e-01 -2.131981597590142385e-01 -2.149407989307498823e-01 -2.171830115932563421e-01 -2.200435595277193956e-01
-1.598768959473134965e-01 -1.600326489286997000e-01 -1.601884431487805849e-01 -1.603440535894253838e-01 -1.604997150903783587e-01 -1.606552842735372300e-01 -1.608110649263488900e-01 -1.609665440009233062e-01 -1.611221874308841895e-01 -1.612607453125750878e-01 -1.616642697896190084e-01 -1.621838581925350020e-01 -1.628524380403587879e-01 -1.637157030174505035e-01 -1.648306413168045548e-01 -1.662661051442330118e-01 -1.681091551183242494e-01 -1.704758709523387372e-01 -1.735001651763674324e-01
-1.195806292328907977e-01 -1.197422355863938664e-01 -1.199036733461796289e-01 -1.200655692508145883e-01 -1.202273063804707998e-01 -1.203888790456091040e-01 -1.205507414859930820e-01 -1.207123909286160618e-01 -1.208741904173974979e-01 -1.210175673698310750e-01 -1.214370407727637935e-01 -1.219786217192748573e-01 -1.226780350398741365e-01 -1.235766579326927905e-01 -1.247354334876152049e-01 -1.262305439642773530e-01 -1.281485256463525402e-01 -1.306141042026356391e-01 -1.337585205366321472e-01
-8.406147898828021658e-02 -8.422936960679974772e-02 -8.439689891598585458e-02 -8.456333644291449958e-02 -8.473024624240375891e-02 -8.489638992385961647e-02 -8.506313100537858662e-02 -8.522977362704878268e-02 -8.539629797921244325e-02 -8.554440851498344711e-02 -8.597621132962356139e-02 -8.653404088759343582e-02 -8.725463053897576648e-02 -8.818529965050278530e-02 -8.937861220573947718e-02 -9.091904241634576889e-02 -9.289896518221189836e-02 -9.543966164871049707e-02 -9.868142990332032238e-02
-5.203906801758314410e-02 -5.221023014674914392e-02 -5.238170040475489259e-02 -5.255327219750653700e-02 -5.272447398225323101e-02 -5.289586484422151985e-02 -5.306763586449881470e-02 -5.323879076020262419e-02 -5.341031725805282099e-02 -5.356274526905742406e-02 -5.400646664585773138e-02 -5.457678791935096502e-02 -5.531328120810120180e-02 -5.626459008389723959e-02 -5.749298042805029568e-02 -5.906882766695998460e-02 -6.109958644928481508e-02 -6.369922214966332319e-02 -6.702141763013999554e-02
-2.270134226425973845e-02 -2.287646227490294434e-02 -2.305186216171708699e-02 -2.322675304278749159e-02 -2.340196864278155930e-02 -2.357722298082486762e-02 -2.375217620187096076e-02 -2.392593899996786622e-02 -2.410001272117241744e-02 -2.425496204699350081e-02 -2.470597420217144485e-02 -2.528891429159702345e-02 -2.604163385878741424e-02 -2.701396467481653740e-02 -2.826360309577606242e-02 -2.987312731310906577e-02 -3.194380669208257001e-02 -3.459860515160161770e-02 -3.798676467253054440e-02
1.576339571735061156e-03 1.398817426928354981e-03 1.221626205518430144e-03 1.044290965430447627e-03 8.671491174516437897e-04 6.898758727359888959e-04 5.124142310385788835e-04 3.351275925461784703e-04 1.576966274186994627e-04 0.000000000000000000e+00 -4.599192457083030815e-04 -1.053526501639998362e-03 -1.816205342944533655e-03 -2.800263169096049547e-03 -4.071081630274965731e-03 -5.705800228231437676e-03 -7.806929932793770822e-03 -1.050027065259997311e-02 -1.394099224731655887e-02
6.506065844868530457e-02 6.487723589191181361e-02 6.469361126880938950e-02 6.451000699912369518e-02 6.432629635583178573e-02 6.414250081607433818e-02 6.395901750546727216e-02 6.377531166396373241e-02 6.359157236305876260e-02 6.342819145627920374e-02 6.295193224848956437e-02 6.233695746748833116e-02 6.154441589707392024e-02 6.052485994569189315e-02 5.920807537613473337e-02 5.751245380193974188e-02 5.533413489103071459e-02 5.254069417181168877e-02 4.897109813457349581e-02
1.354086094464089507e-01 1.352166542132954008e-01 1.350253624114313433e-01 1.348341312257842761e-01 1.346427691377199143e-01 1.344512671929520287e-01 1.342597460957619393e-01 1.340683016905382663e-01 1.338768399115983221e-01 1.337065829279180662e-01 1.332102246886135988e-01 1.325691278852422217e-01 1.317406576375024230e-01 1.306760715002032169e-01 1.293015924699037200e-01 1.275296749622615855e-01 1.252525213728570286e-01 1.223293530275675473e-01 1.185900222720341485e-01
2.118501969343926927e-01 2.116480672369162874e-01 2.114459308266616322e-01 2.112438682071342277e-01 2.110417145814382223e-01 2.108395457144094653e-01 2.106374331368450759e-01 2.104359077794775157e-01 2.102346574388460898e-01 2.100556894460129387e-01 2.095339436118521526e-01 2.088600075446640503e-01 2.079894979146974798e-01 2.068653638511802062e-01 2.054201045665791647e-01 2.035548571569891774e-01 2.011579367289945686e-01 1.980796891258775339e-01 1.941436544674545739e-01
2.955256736173366150e-01 2.953194185294437668e-01 2.951130772623831167e-01 2.949069138545599156e-01 2.947006802022330008e-01 2.944944111164989886e-01 2.942882971311288620e-01 2.940821821629930888e-01 2.938759648300014460e-01 2.936927672154857616e-01 2.931592633844073426e-01 2.924712708662464133e-01 2.915830660052520784e-01 2.904367683862081329e-01 2.889590235712860555e-01 2.870571520781054486e-01 2.846096041550055800e-01 2.814694549263068168e-01 2.774560607787562860e-01
3.874973153911953627e-01 3.872863102886989761e-01 3.870749136078848185e-01 3.868627180267827925e-01 3.866521728943941860e-01 3.864412581922165857e-01 3.862301342654707592e-01 3.860191892613651365e-01 3.858079357273204169e-01 3.856206103250061079e-01 3.850737575026226822e-01 3.843687926943755717e-01 3.834582655653293037e-01 3.822834552569608912e-01 3.807696422192437535e-01 3.788182938905809150e-01 3.763095529924800342e-01 3.730874899798527489e-01 3.689679776873389661e-01
4.819570960628433154e-01 4.817341913450011726e-01 4.815101397259562988e-01 4.812886299623763686e-01 4.810648588320370900e-01 4.808433211933039741e-01 4.806200367909294613e-01 4.803973754700609500e-01 4.801747447842186212e-01 4.799765238031906134e-01 4.793980473009221699e-01 4.786524651876329917e-01 4.776888445027582253e-01 4.764438708360465569e-01 4.748350004958671322e-01 4.727580435780969759e-01 4.700752231130316816e-01 4.666140164897988329e-01 4.621546067011859105e-01
5.550227216883877324e-01 5.547762126866009336e-01 5.545320559942464866e-01 5.542844368448260894e-01 5.540404750446272786e-01 5.537948147474412997e-01 5.535495162611380193e-01 5.533034443691376980e-01 5.530574243692749636e-01 5.528399457287755947e-01 5.522024503263456285e-01 5.513805554926380914e-01 5.503182263201709112e-01 5.489463515438450791e-01 5.471749341485984131e-01 5.448882213718628797e-01 5.419390721481764928e-01 5.381402514353146316e-01 5.332607268983673432e-01
6.109440134389801935e-01 6.107009587769414161e-01 6.104593149723742673e-01 6.102170063708560743e-01 6.099733578941121115e-01 6.097309517143236768e-01 6.094901118928572892e-01 6.092478772078500082e-01 6.090052216965076148e-01 6.087900242582537924e-01 6.081614673957886907e-01 6.073497173198644239e-01 6.063020314816656153e-01 6.049476616179767507e-01 6.031984212798915390e-01 6.009400290029628389e-01 5.980257444058009186e-01 5.942710786386847799e-01 5.894447173498873482e-01
6.610748854437207278e-01 6.608419757746381018e-01 6.606109393917867223e-01 6.603787694572834654e-01 6.601466286367091429e-01 6.599138382606173359e-01 6.596822184249703236e-01 6.594500075341964695e-01 6.592173753174328521e-01 6.590107514631891039e-01 6.584089534776879082e-01 6.576312144867558773e-01 6.566258687881389999e-01 6.553267809038242353e-01 6.536483775025431209e-01 6.514813596513330252e-01 6.486828944993190404e-01 6.450743477747917787e-01 6.404320053931765733e-01
