-3.763814594741644176e-02 -3.323689896337456845e-02 -2.891524890286346558e-02 -2.467023502323980114e-02 -2.049844277102507231e-02 -1.639730356795336685e-02 -1.236215727393548749e-02 -8.392642262376829101e-03 -4.486835464717045009e-03 -1.067327055323323472e-03 8.644998077737737346e-03 2.064988815283166912e-02 3.535582424299269638e-02 5.317551591674696959e-02 7.451271635937059545e-02 9.974565554545800072e-02 1.291975150672868278e-01 1.631226478460552076e-01 2.017064705736852648e-01
-3.749401462862853723e-02 -3.309356935298003732e-02 -2.877466773150291410e-02 -2.453254576458703887e-02 -2.036363705861154658e-02 -1.626399152614097648e-02 -1.223134395403946591e-02 -8.264066031132021040e-03 -4.360470260527629822e-03 -9.427487707490107101e-04 8.763945489524421414e-03 2.076322074248332719e-02 3.546251895825813100e-02 5.327506338256154245e-02 7.460469932985797081e-02 9.982882595191476527e-02 1.292718085288486474e-01 1.631885932867225830e-01 2.017638610363257368e-01
-3.738113735743302940e-02 -3.296199634350602259e-02 -2.863897456511962231e-02 -2.439707684133796822e-02 -2.022977459383237114e-02 -1.613150010892680855e-02 -1.210072932525758059e-02 -8.136007557087246780e-03 -4.234373405372847746e-03 -8.182187279220909902e-04 8.882916958573478655e-03 2.087646387541524859e-02 3.556923984766583585e-02 5.337482342787597950e-02 7.469640039121948349e-02 9.991175497819033968e-02 1.293465573234075794e-01 1.632545396945008498e-01 2.018214252202422121e-01
-3.730855864959407159e-02 -3.285217116373639196e-02 -2.851483352507206553e-02 -2.426784814723096165e-02 -2.009902557239580390e-02 -1.600088318531816406e-02 -1.197198196978589355e-02 -8.008716885461663118e-03 -4.108818946713735376e-03 -6.945047992480558440e-04 9.002085964147017380e-03 2.098941155628299138e-02 3.567596209506702920e-02 5.347433304153528105e-02 7.478838865326770113e-02 9.999486441424622341e-02 1.294209946999186622e-01 1.633203725677576656e-01 2.018790516138541102e-01
-3.727516112617615396e-02 -3.276801515884200655e-02 -2.840643486822230085e-02 -2.414803415965866354e-02 -1.997419443288833696e-02 -1.587420994325782625e-02 -1.184519429290788184e-02 -7.882922943240928612e-03 -3.984746072183096254e-03 -5.712582614215472223e-04 9.120389849453649361e-03 2.110220089235925744e-02 3.578261059451430526e-02 5.357406754105763225e-02 7.487999460992203482e-02 1.000779670860320048e-01 1.294955993774115632e-01 1.633861126664381269e-01 2.019367606462132425e-01
-3.727763782812144877e-02 -3.271029122445352766e-02 -2.831634348613748173e-02 -2.404074097316451566e-02 -1.985737738566088068e-02 -1.575331624546778483e-02 -1.172236116516282324e-02 -7.759950413432532834e-03 -3.862033946841403852e-03 -4.495021027349492440e-04 9.238218954482905337e-03 2.121479045220011142e-02 3.588902355235458475e-02 5.367338179515407370e-02 7.497185840185500993e-02 1.001609938595002386e-01 1.295702157634330276e-01 1.634521126775372035e-01 2.019944554347022636e-01
-3.731143719551260896e-02 -3.267834721741885023e-02 -2.824534631657891690e-02 -2.394708725070688118e-02 -1.975035489555980114e-02 -1.563922390468490409e-02 -1.160448171373717682e-02 -7.640440421703682469e-03 -3.742079125018039475e-03 -3.297671823551557853e-04 9.355008556839228967e-03 2.132748040607930842e-02 3.599499935390181732e-02 5.377238929251317717e-02 7.506344779121898458e-02 1.002437377618550368e-01 1.296445704187252634e-01 1.635177706922403829e-01 2.020520208289015573e-01
-3.737305384498380845e-02 -3.267121761479081787e-02 -2.819404654911315811e-02 -2.386833276732291606e-02 -1.965452540714031360e-02 -1.553294071674890010e-02 -1.149259154513499956e-02 -7.525083159933798962e-03 -3.625160453323018547e-03 -2.128672894233772932e-04 9.470398357045016480e-03 2.143973741608445199e-02 3.610113328248205217e-02 5.387166690070249730e-02 7.515502270627422154e-02 1.003268937819435658e-01 1.297190256153828714e-01 1.635838779412667199e-01 2.021099029864068253e-01
-3.745856249659187953e-02 -3.268667086201633432e-02 -2.816150246356263764e-02 -2.380430677003799594e-02 -1.957044308447482631e-02 -1.543594439045964037e-02 -1.138739533807536265e-02 -7.415113995156723606e-03 -3.512339882660625318e-03 -9.844211749816869628e-05 9.584594268075995530e-03 2.155118391701708533e-02 3.620658932759695386e-02 5.397058611407828943e-02 7.524644505249603044e-02 1.004104016465219712e-01 1.297933929849293122e-01 1.636495085192371246e-01 2.021675976777586037e-01
-3.755208940757855107e-02 -3.271768377676883416e-02 -2.814830116501461366e-02 -2.376029897454416326e-02 -1.950616408478270114e-02 -1.535754305945491970e-02 -1.130002252087322807e-02 -7.321998837226068556e-03 -3.416020481201270317e-03 0.000000000000000000e+00 9.684218015343203784e-03 2.164936685126648760e-02 3.630011169103473934e-02 5.405852486518778616e-02 7.532764505672610855e-02 1.004843323274865058e-01 1.298593146185393343e-01 1.637079350628332652e-01 2.022187147652953210e-01
-3.790077371083367536e-02 -3.288949201376424603e-02 -2.818584215461395273e-02 -2.369885115313815835e-02 -1.937435152241489059e-02 -1.517513297623038042e-02 -1.108220094616680848e-02 -7.079971249319145198e-03 -3.157577625826408878e-03 2.680054390094278568e-04 9.964484118874362625e-03 2.192994918780868246e-02 3.657117517347159563e-02 5.431321499509497025e-02 7.556395118263932453e-02 1.006997480346706053e-01 1.300519096412725284e-01 1.638782115669349670e-01 2.023679066049484665e-01
-3.847157738960342577e-02 -3.325396443465242907e-02 -2.837843265008407542e-02 -2.375417447049843825e-02 -1.932301605434124867e-02 -1.504305640694741757e-02 -1.088818147648944190e-02 -6.839699194580273200e-03 -2.883493597203727003e-03 5.643318075561022315e-04 1.029648079568014699e-02 2.227637074772831696e-02 3.691360595676152628e-02 5.463875348492613915e-02 7.586707511459710174e-02 1.009774437004947595e-01 1.302999446016473994e-01 1.640978420534278115e-01 2.025606250676892650e-01
-3.931044492876926283e-02 -3.388438015408543058e-02 -2.880990631800840404e-02 -2.401121646749479477e-02 -1.943329626208299341e-02 -1.503545112970797355e-02 -1.078327624816562656e-02 -6.657023071773369993e-03 -2.639733850586621980e-03 8.508582799023928396e-04 1.066320675276808717e-02 2.268746335111289716e-02 3.733705750223620390e-02 5.505015014251848915e-02 7.625503941756235637e-02 1.013337554559886750e-01 1.306202899388464456e-01 1.643812346012817338e-01 2.028090182294604860e-01
-4.036991780346498720e-02 -3.479290114524148658e-02 -2.954495888599842357e-02 -2.456294523579422712e-02 -1.980988275485382616e-02 -1.525415861100624590e-02 -1.086838745481200769e-02 -6.626469130721589218e-03 -2.511127629006289046e-03 1.051800099402750007e-03 1.101517242680013012e-02 2.314075349981264962e-02 3.784078966359866181e-02 5.556056953011102167e-02 7.674563174181657510e-02 1.017894130001548159e-01 1.310327898130929924e-01 1.647475750715990672e-01 2.031293267794011814e-01
-4.148098796000952021e-02 -3.584729067580397915e-02 -3.050360856548280444e-02 -2.540173994683781605e-02 -2.050644251998863174e-02 -1.579810723109044412e-02 -1.125843966064686390e-02 -6.872257322319011430e-03 -2.625433435754263769e-03 1.044372479034459027e-03 1.125484593927035017e-02 2.357375806671395402e-02 3.839843840822412813e-02 5.617241613567972025e-02 7.735587142011503270e-02 1.023668054349771983e-01 1.315607582353996163e-01 1.652187332336026715e-01 2.035415153152374534e-01
-4.246869302530074247e-02 -3.684798977805496534e-02 -3.148674319859569304e-02 -2.634066688220832245e-02 -2.138181711419143843e-02 -1.658749407377771434e-02 -1.194533829708006520e-02 -7.444346265492601984e-03 -3.074681969190290205e-03 7.069469452022014103e-04 1.123067479785080751e-02 2.386171279988271929e-02 3.893262671068912356e-02 5.685294900474349017e-02 7.808797926135205292e-02 1.030863210066940844e-01 1.322303926170949051e-01 1.658212832800375625e-01 2.040712268748942071e-01
-4.324323748274545853e-02 -3.765604324489857380e-02 -3.231125897795618374e-02 -2.716994822842254409e-02 -2.220264970048513656e-02 -1.738886090562104247e-02 -1.271211596666177272e-02 -8.161624028399204131e-03 -3.729568814535163222e-03 1.161616392198834742e-04 1.086549018953986666e-02 2.383764107039117175e-02 3.928904510548747453e-02 5.750932693258154621e-02 7.890895417505780496e-02 1.039531181594566256e-01 1.330665728226608224e-01 1.665866915965485417e-01 2.047493898177030203e-01
-4.381820420400813626e-02 -3.823752127047277960e-02 -3.290216665124756634e-02 -2.776985187691969822e-02 -2.280970607072986545e-02 -1.800078444201384451e-02 -1.332634076223247581e-02 -8.772159782168621397e-03 -4.329076807995300286e-03 -4.673155616307158862e-04 1.036656556157078933e-02 2.352471795339889510e-02 3.930431691164510549e-02 5.795879642199080334e-02 7.971054668451157954e-02 1.049318717049377847e-01 1.340786503349213621e-01 1.675441910297796599e-01 2.056112298368932556e-01
-4.425972320310053720e-02 -3.864511836109744969e-02 -3.328259151478607514e-02 -2.813137771339078302e-02 -2.316153431145463737e-02 -1.834859054748450707e-02 -1.367386210278886613e-02 -9.122760320087868260e-03 -4.683782400921554685e-03 -8.252699601386200880e-04 1.001090512791485976e-02 2.320560069822289948e-02 3.911819540926179256e-02 5.806333791231449437e-02 8.027509463809545665e-02 1.058973456465815977e-01 1.352283008083631777e-01 1.687070457975178295e-01 2.066924678308810770e-01
