3.655123904179629624e-01 3.784478491961434932e-01 3.911241760018295821e-01 4.035098887139900170e-01 4.156065917824589562e-01 4.274236946246294799e-01 4.389740179119316910e-01 4.502737925227058846e-01 4.613333349859164989e-01 4.709739418433380731e-01 4.981364744162793956e-01 5.313583877733523142e-01 5.716132477822299940e-01 6.199079686660622368e-01 6.772541890805476861e-01 7.446387381793005966e-01 8.230186319317013277e-01 9.133356056346749741e-01 1.016601434670646231e+00
3.575965421963071544e-01 3.702399452787485945e-01 3.826293746110992489e-01 3.947313704096799269e-01 4.065438990571942912e-01 4.180772628068240016e-01 4.293436242931733537e-01 4.403571741822565611e-01 4.511301579243932602e-01 4.605140604159455586e-01 4.869245450297736144e-01 5.191580868299306983e-01 5.581104017881162171e-01 6.046716121165733870e-01 6.596942689813671823e-01 7.239244071164591121e-01 7.979452343724968699e-01 8.820451855837200261e-01 9.756858037161024733e-01
3.033102458942249502e-01 3.138498861966885767e-01 3.240700824110840927e-01 3.339072530497486646e-01 3.433282119035384605e-01 3.522951840280640345e-01 3.607595422671967533e-01 3.687298808553050034e-01 3.763115522696178217e-01 3.828083523506950470e-01 4.007833210713436789e-01 4.226204909309371760e-01 4.487213113829184308e-01 4.796209834535483663e-01 5.158136002004684029e-01 5.576558503106758824e-01 6.053152582210289401e-01 6.587958465376341222e-01 7.180437210361486633e-01
2.138643432341463535e-01 2.211120310242039311e-01 2.283116345373305267e-01 2.353043971371022447e-01 2.420884569790727192e-01 2.486758319401181083e-01 2.550809229350841090e-01 2.613175025758403547e-01 2.673987019350667627e-01 2.726823714385841479e-01 2.874925402920455175e-01 3.054697044565937714e-01 3.270670589070344136e-01 3.527144382110510845e-01 3.827631812385060561e-01 4.173695214903668238e-01 4.562415746980473252e-01 4.994402518834302751e-01 5.475788396380938394e-01
1.411716292913307857e-01 1.480338717577898977e-01 1.546446189111629899e-01 1.610265370043537370e-01 1.672053429774887634e-01 1.732005295599430283e-01 1.790267130390964245e-01 1.846954906331059187e-01 1.902219743779195449e-01 1.950172704050238681e-01 2.084208551687502242e-01 2.245760477251769749e-01 2.437119752344652501e-01 2.660166701809321133e-01 2.919257174388141807e-01 3.219948746586714372e-01 3.567367091524344946e-01 3.965328311762798541e-01 4.416195496100744355e-01
8.799770381918781137e-02 9.457537764410128833e-02 1.008417029276830051e-01 1.068383641244718685e-01 1.125934881228876500e-01 1.181342011518900642e-01 1.234702009188608368e-01 1.286202596971488255e-01 1.335938927839988022e-01 1.378779390446079889e-01 1.497463707106461983e-01 1.639776541890246297e-01 1.810110027438540103e-01 2.013475424470201891e-01 2.255043820887590034e-01 2.539386585735915469e-01 2.870310493686806241e-01 3.250631881504957299e-01 3.682262160412824170e-01
4.696017007800592363e-02 5.311623597090830290e-02 5.887915168021762291e-02 6.432447421428212631e-02 6.950152335293231787e-02 7.445599634662687649e-02 7.922715412536843194e-02 8.383834691656262550e-02 8.831226538346360899e-02 9.219261627480111743e-02 1.030576422381037499e-01 1.163028416282055194e-01 1.323849897454679736e-01 1.517796866812509415e-01 1.749437905261075898e-01 2.022917959143000211e-01 2.341703786150223787e-01 2.708444305043476996e-01 3.124978752119013103e-01
1.328700278788815838e-02 1.888018885120192059e-02 2.409813255574265803e-02 2.903968349573820412e-02 3.376516069264201558e-02 3.831988702707927325e-02 4.273800742477227438e-02 4.703778125348010569e-02 5.123583682985599630e-02 5.489251861450695352e-02 6.520698607121167001e-02 7.788294530419043182e-02 9.336003865212881558e-02 1.120848232404286077e-01 1.344885799530153025e-01 1.609649442821892429e-01 1.918490397360805844e-01 2.273991699523771337e-01 2.678077545246088098e-01
-1.536338305857205648e-02 -1.022512235747975382e-02 -5.404411416308312933e-03 -8.011145704778341488e-04 3.634433596372499409e-03 7.938059080609032384e-03 1.213314039181452413e-02 1.623551267820890279e-02 2.025648825078022255e-02 2.377005189876772034e-02 3.371623150347972248e-02 4.598117565630269882e-02 6.098859185899489777e-02 7.916761323493788638e-02 1.009331355020658683e-01 1.266687737567540328e-01 1.567040564984012174e-01 1.912995839829907951e-01 2.306406642339265123e-01
-3.755208940757855107e-02 -3.271768377676883416e-02 -2.814830116501461366e-02 -2.376029897454416326e-02 -1.950616408478270114e-02 -1.535754305945491970e-02 -1.130002252087322807e-02 -7.321998837226068556e-03 -3.416020481201270317e-03 0.000000000000000000e+00 9.684218015343203784e-03 2.164936685126648760e-02 3.630011169103473934e-02 5.405852486518778616e-02 7.532764505672610855e-02 1.004843323274865058e-01 1.298593146185393343e-01 1.637079350628332652e-01 2.022187147652953210e-01
-8.961074455279911810e-02 -8.533285224261187574e-02 -8.121191317817420818e-02 -7.719941639788563403e-02 -7.327326325829017217e-02 -6.942149205986891669e-02 -6.563739308731465771e-02 -6.191620610035519084e-02 -5.825473492165788442e-02 -5.504892240614619320e-02 -4.594087957093802299e-02 -3.467476930255028456e-02 -2.086556617571030947e-02 -4.113602387815744853e-03 1.596642522717826515e-02 3.974498460973335812e-02 6.753477388703942041e-02 9.958943694043173589e-02 1.361071884002402199e-01
-1.389287084842118214e-01 -1.350292886429592665e-01 -1.312247263901326344e-01 -1.274944830394811879e-01 -1.238300664196596151e-01 -1.202274601725236980e-01 -1.166828671549028362e-01 -1.131948181441993773e-01 -1.097603120548664712e-01 -1.067530790635450866e-01 -9.820194903121540198e-02 -8.761847656177570998e-02 -7.463326823762771178e-02 -5.887306270142273618e-02 -3.996080614658148455e-02 -1.754657263107249621e-02 8.677442945646457462e-03 3.896525567856373717e-02 7.350940748882664466e-02
-1.856433372842712093e-01 -1.820382716167524839e-01 -1.785013527435656555e-01 -1.750233514913429322e-01 -1.716025159141831291e-01 -1.682370570025575052e-01 -1.649252748355330700e-01 -1.616651083451826065e-01 -1.584548763938854465e-01 -1.556436285138592668e-01 -1.476440682147872052e-01 -1.377340644322236907e-01 -1.255719168038026967e-01 -1.107929140465324785e-01 -9.304152851364001775e-02 -7.198456716401677169e-02 -4.731215859377904676e-02 -1.878523698408083795e-02 1.380153940416937834e-02
-2.300695700195593552e-01 -2.267305881103149623e-01 -2.234489409738732724e-01 -2.202184347905506434e-01 -2.170394932130609855e-01 -2.139111886364258308e-01 -2.108320058927463381e-01 -2.078012541343941255e-01 -2.048140706227423447e-01 -2.021930765627078241e-01 -1.947460845165994436e-01 -1.855162903967012278e-01 -1.741721916558089944e-01 -1.603741846532135695e-01 -1.437879094619173015e-01 -1.240822668490889347e-01 -1.009663667619914718e-01 -7.419474534004709410e-02 -4.357094675723924282e-02
-2.726225527957396033e-01 -2.695422885834753979e-01 -2.665116374683631495e-01 -2.635304950606294772e-01 -2.605974407034567508e-01 -2.577098883804926910e-01 -2.548622451575257575e-01 -2.520585171218343024e-01 -2.492978991375355557e-01 -2.468746124510189655e-01 -2.399816846825736094e-01 -2.314310893914070522e-01 -2.209125483205528206e-01 -2.081087493274405009e-01 -1.926904714881722547e-01 -1.743457077119615617e-01 -1.527955889304183634e-01 -1.277963469816457420e-01 -9.914693874538203777e-02
-3.137756078189682385e-01 -3.109608968437003185e-01 -3.081869760226077504e-01 -3.054581284588307466e-01 -3.027733836583937355e-01 -3.001247266443229922e-01 -2.975157868707923869e-01 -2.949474826364509306e-01 -2.924122087896946498e-01 -2.901886826774625061e-01 -2.838636016248995975e-01 -2.760028176353369056e-01 -2.663208889369313437e-01 -2.545204135815127833e-01 -2.402902064298402529e-01 -2.233322306634629717e-01 -2.033737572536340188e-01 -1.801729229567630708e-01 -1.535300689454499046e-01
-3.541370635347810270e-01 -3.515904632776423733e-01 -3.490838346852432328e-01 -3.466105032440099376e-01 -3.441773425226935523e-01 -3.417780792425497149e-01 -3.394116226224827559e-01 -3.370823176277910060e-01 -3.347791422365752334e-01 -3.327620479100576456e-01 -3.270090212463119816e-01 -3.198563214009885747e-01 -3.110377580414860899e-01 -3.002660912821881745e-01 -2.872564387525035068e-01 -2.717182120710847637e-01 -2.533864334409021146e-01 -2.320307988912321262e-01 -2.074468272502527633e-01
-3.945533784318315251e-01 -3.922799890762291297e-01 -3.900442200806717996e-01 -3.878384639026187797e-01 -3.856640226555807516e-01 -3.835216310932242356e-01 -3.814049718933934519e-01 -3.793213394777133485e-01 -3.772592747958375958e-01 -3.754543617718952841e-01 -3.702965605547479111e-01 -3.638778625916971876e-01 -3.559476610301594013e-01 -3.462397329835462667e-01 -3.344893557336244827e-01 -3.204251830227068942e-01 -3.037860704703984616e-01 -2.843459485867464442e-01 -2.618997578064931608e-01
-4.363254271696023756e-01 -4.343406876844935760e-01 -4.323873670136184066e-01 -4.304564169167500731e-01 -4.285554682480374189e-01 -4.266749190207789755e-01 -4.248237947960116223e-01 -4.229904805814134749e-01 -4.211865038985501131e-01 -4.195949874327445928e-01 -4.150611591917130472e-01 -4.094084162285026030e-01 -4.024055810866157268e-01 -3.938201835237025716e-01 -3.833911673401512177e-01 -3.708738308748084633e-01 -3.560142265116972293e-01 -3.385898026520254289e-01 -3.183900145388923186e-01
