1.442399131984242740e+04 1.442399131984242740e+04 1.442399131984242740e+04 1.442399131984242740e+04 1.442399131984242740e+04 1.442399131984242740e+04 1.442399131984242740e+04 1.442399131984242740e+04 1.442399131984242740e+04 1.442399131984242740e+04 1.442399131984242740e+04 1.442399131984242740e+04 1.442399131984242740e+04 1.442399131984242740e+04 1.442399131984242740e+04 1.442399131984242740e+04 1.442399131984242740e+04 1.442399131984242740e+04 1.442399131984242740e+04
4.621922819396768745e-01 4.692213338172283588e-01 4.758327680877475485e-01 4.821738049766191581e-01 4.883160243869360539e-01 4.943009986979693959e-01 5.001585596038610193e-01 5.058995335345132238e-01 5.115363299486912485e-01 5.164639947183162771e-01 5.304267114535067273e-01 5.476467524333421544e-01 5.686810411027671819e-01 5.940982963825742758e-01 6.244353968234187535e-01 6.601761083862669466e-01 7.017095284038328273e-01 7.493276202629729488e-01 8.032141827522127908e-01
2.829829998390542833e-01 2.892900783944876153e-01 2.952242315818897622e-01 3.009148252655705624e-01 3.064272181851651067e-01 3.117998394794234129e-01 3.170543511076098220e-01 3.222076973706983205e-01 3.272645235455414192e-01 3.316881302170262003e-01 3.442241981569492681e-01 3.596908195211634962e-01 3.785992985778416919e-01 4.014665617329416514e-01 4.287879291133941950e-01 4.610142634274239648e-01 4.985098640625530986e-01 5.415512321249594807e-01 5.903171968841550710e-01
1.872764917145111063e-01 1.931656888819965889e-01 1.987155332160549792e-01 2.040358881605888464e-01 2.091929237139043274e-01 2.142157287684766098e-01 2.191312437765849941e-01 2.239510225467109261e-01 2.286811942539451747e-01 2.328176811624693143e-01 2.445433823383899030e-01 2.590174919574428358e-01 2.767220330643834769e-01 2.981437293569145219e-01 3.237559695686770822e-01 3.539889306854625550e-01 3.891993093069677223e-01 4.296578094460190012e-01 4.755448329057200829e-01
1.233355307562370301e-01 1.289366402554446567e-01 1.342184430503454706e-01 1.392817974290138650e-01 1.441925540324703880e-01 1.489766359837136900e-01 1.536542445854852668e-01 1.582423214641470732e-01 1.627481633660068927e-01 1.666878195358566794e-01 1.778540094944798533e-01 1.916381534449361490e-01 2.085071688096795384e-01 2.289232969142942220e-01 2.533520460244193528e-01 2.821992845590743371e-01 3.158187408079106140e-01 3.544808820567065255e-01 3.983635932494897225e-01
7.595536187249293802e-02 8.133722977116443487e-02 8.641162120313529427e-02 9.128559939843716720e-02 9.600668877095744347e-02 1.006063714046924740e-01 1.051056585303955238e-01 1.095197319538779024e-01 1.138532554819095960e-01 1.176422603655245536e-01 1.283828777555979794e-01 1.416452289617556870e-01 1.578769293259579265e-01 1.775336388059368387e-01 2.010553641148006554e-01 2.288464884406050670e-01 2.612554163688217135e-01 2.985433958048885894e-01 3.408951517918460961e-01
3.865326412584875471e-02 4.385743211175004153e-02 4.876855914779068546e-02 5.348654635718104455e-02 5.805697468942826872e-02 6.251062189325684582e-02 6.686619972162911874e-02 7.113834389414407100e-02 7.533413019497263441e-02 7.900257042834259169e-02 8.940077000971727306e-02 1.022473730377495699e-01 1.179685409715802435e-01 1.370107451724625336e-01 1.598057710122208208e-01 1.867484431209689155e-01 2.181799863424397079e-01 2.543606780395951117e-01 2.954795596395107249e-01
8.086934586349552728e-03 1.314470720996690697e-02 1.792006996669504026e-02 2.250629726185407464e-02 2.695254496538148498e-02 3.128501970384717917e-02 3.552263965855223526e-02 3.967705006953925473e-02 4.375638204056933600e-02 4.732501542043208997e-02 5.744239289313626123e-02 6.993601523736585335e-02 8.523175574866104220e-02 1.037644439240814759e-01 1.259551421180539754e-01 1.521915235750135598e-01 1.828058183260696523e-01 2.180643413890242244e-01 2.581497075886461379e-01
-1.767961017444737506e-02 -1.274868556669524200e-02 -8.090387704729296720e-03 -3.612760763183858574e-03 7.258943708756294012e-04 4.954180941087925338e-03 9.090074264489583084e-03 1.314484359228091509e-02 1.712661997731190419e-02 2.060985215644477869e-02 3.048476880754599772e-02 4.268165870255933442e-02 5.761589414586842234e-02 7.571167298015051006e-02 9.738350468634381085e-02 1.230123667764041473e-01 1.529309620125388625e-01 1.873984764712083584e-01 2.266023675197982312e-01
-3.755208940757855107e-02 -3.271768377676883416e-02 -2.814830116501461366e-02 -2.376029897454416326e-02 -1.950616408478270114e-02 -1.535754305945491970e-02 -1.130002252087322807e-02 -7.321998837226068556e-03 -3.416020481201270317e-03 0.000000000000000000e+00 9.684218015343203784e-03 2.164936685126648760e-02 3.630011169103473934e-02 5.405852486518778616e-02 7.532764505672610855e-02 1.004843323274865058e-01 1.298593146185393343e-01 1.637079350628332652e-01 2.022187147652953210e-01
-8.414745720435624909e-02 -7.954541126650482852e-02 -7.519010394511037310e-02 -7.100545343833315759e-02 -6.694869339298674393e-02 -6.299424113015690552e-02 -5.912560740255440317e-02 -5.533256108609043572e-02 -5.160753821217192727e-02 -4.834936831244912581e-02 -3.911490589610532032e-02 -2.770093395472240233e-02 -1.371942487348525204e-02 3.227539387593900307e-03 2.353591794848550189e-02 4.756704976789497691e-02 7.564524222546260834e-02 1.080160021272795201e-01 1.448751801754128155e-01
-1.284359599653080719e-01 -1.240602071559235159e-01 -1.199148145997644826e-01 -1.159295505916006497e-01 -1.120647346241824965e-01 -1.082966842607225172e-01 -1.046101723124618771e-01 -1.009954047138586636e-01 -9.744567264108999760e-02 -9.434110101388169800e-02 -8.553801911986003148e-02 -7.465854861675559617e-02 -6.133153145207886903e-02 -4.516799015261372535e-02 -2.579351501341070607e-02 -2.854091994758230656e-03 2.395698886819313742e-02 5.489025863206384304e-02 9.013922847719170461e-02
-1.704838647166404542e-01 -1.663261382788335796e-01 -1.623826167154768796e-01 -1.585891362216521883e-01 -1.549094954477983899e-01 -1.513217725233458599e-01 -1.478116497383927253e-01 -1.443701293983609690e-01 -1.409906510619211017e-01 -1.380340025828185879e-01 -1.296492134594309786e-01 -1.192863822435192012e-01 -1.065872610456491260e-01 -9.118388089701533195e-02 -7.271314425125770253e-02 -5.083567862632575735e-02 -2.524791984736649703e-02 4.290290332698574842e-03 3.796763920241765650e-02
-2.103467172873503543e-01 -2.063997930801873548e-01 -2.026512794862614930e-01 -1.990428822724503444e-01 -1.955412951802388000e-01 -1.921267096022594156e-01 -1.887857138011756752e-01 -1.855100141477228071e-01 -1.822936002292572799e-01 -1.794814609141964223e-01 -1.714997495288942131e-01 -1.616330082753489050e-01 -1.495435285287849136e-01 -1.348720617974165092e-01 -1.172719218607380792e-01 -9.641995650329193701e-02 -7.201725770719305530e-02 -4.383567437539816897e-02 -1.167922149780731278e-02
-2.480823495322986849e-01 -2.443366595042047174e-01 -2.407749878146946410e-01 -2.373442980978865413e-01 -2.340140367008471944e-01 -2.307666136443624616e-01 -2.275894324169658312e-01 -2.244746662244764546e-01 -2.214141964299810028e-01 -2.187347962035856019e-01 -2.111416068291406545e-01 -2.017562944356937060e-01 -1.902485960161929834e-01 -1.762831294904775303e-01 -1.595227417472824816e-01 -1.396545574798479239e-01 -1.163998993321537501e-01 -8.952411938841584038e-02 -5.884373100229877557e-02
-2.837397223861508055e-01 -2.801874066611597658e-01 -2.768059650509736014e-01 -2.735470742893350016e-01 -2.703836467330972826e-01 -2.672941682928476892e-01 -2.642710901193750517e-01 -2.613073736228156418e-01 -2.583978107200003982e-01 -2.558526525226407222e-01 -2.486303613573183358e-01 -2.397018617033763455e-01 -2.287554991575359575e-01 -2.154624803865308469e-01 -1.995104005612507170e-01 -1.805914139756025771e-01 -1.584355855384745881e-01 -1.328179110550073150e-01 -1.035575070308485529e-01
-3.173691457032897234e-01 -3.140006974765030545e-01 -3.107903568949659245e-01 -3.076947393987644608e-01 -3.046888985390802662e-01 -3.017517129865613934e-01 -2.988778250867439867e-01 -2.960608816378050845e-01 -2.932958746241238757e-01 -2.908727386588458308e-01 -2.840055300974059782e-01 -2.755149689159205328e-01 -2.651016436417515387e-01 -2.524591985822718931e-01 -2.372773106881435889e-01 -2.192653644331963303e-01 -1.981668511358625762e-01 -1.737557827205436223e-01 -1.458615017569745431e-01
-3.490094992612243208e-01 -3.458176779030441850e-01 -3.427723256969428811e-01 -3.398287160190374689e-01 -3.369694287221031703e-01 -3.341802620471417962e-01 -3.314523427229421615e-01 -3.287715373517225426e-01 -3.261399901402001755e-01 -3.238413229869874232e-01 -3.173102650422588433e-01 -3.092369887281655738e-01 -2.993318059320137503e-01 -2.873045037806759017e-01 -2.728578746035498215e-01 -2.557176514549427404e-01 -2.356226991149487637e-01 -2.123678812916651726e-01 -1.857771426786432589e-01
-3.786937805771126153e-01 -3.756672351603455584e-01 -3.727762032629788891e-01 -3.699826525404297795e-01 -3.672645907173885949e-01 -3.646133649807723476e-01 -3.620205608201793601e-01 -3.594709986496277265e-01 -3.569694847232159352e-01 -3.547833278784506272e-01 -3.485725131983216096e-01 -3.408938045943394335e-01 -3.314767474556552518e-01 -3.200338300016198345e-01 -3.062847953652034771e-01 -2.899683077188883740e-01 -2.708354101896388588e-01 -2.486806252568414810e-01 -2.233343459535482856e-01
