-4.966311955143642987e-01 -3.486203903457488207e-01 -2.678773260076706686e-01 -2.094658343792116517e-01 -1.623120333152671124e-01 -1.220993281673763975e-01 -8.664107073470789233e-02 -5.466324468149101612e-02 -2.534468745557129712e-02 -1.067327055323323472e-03 6.261285438318028862e-02 1.341548875997147228e-01 2.156091047233636704e-01 3.101550798369758222e-01 4.233186983228819367e-01 5.677428958198886821e-01 7.858360378711403138e-01 1.137248946326225418e+00 1.650904744655744327e+00
-4.965787833090494763e-01 -3.485302724326242996e-01 -2.677724653290473600e-01 -2.093525697452248702e-01 -1.621939081411906958e-01 -1.219772765584922758e-01 -8.651728992469794044e-02 -5.453888935642171865e-02 -2.521990520815272155e-02 -9.427487707490107101e-04 6.273227871353936891e-02 1.342623309599442760e-01 2.156875981663014252e-01 3.101319962195110413e-01 4.224683734258884993e-01 5.559543906158108673e-01 7.204611908519633623e-01 9.026142649560681130e-01 1.067828739425728202e+00
-4.965266715761365024e-01 -3.484397386477591785e-01 -2.676676768461677125e-01 -2.092391585562550227e-01 -1.620761335931491243e-01 -1.218552495215120546e-01 -8.639325150613244575e-02 -5.441426195171411573e-02 -2.509537465405762766e-02 -8.182187279220909902e-04 6.285099155923386249e-02 1.343609235422467685e-01 2.156887364239386262e-01 3.094697245624672965e-01 4.169140870703215151e-01 5.399603694552816968e-01 6.845642888456817676e-01 8.266839586793587324e-01 9.264163593898935289e-01
-4.964743738488499036e-01 -3.483492965649534479e-01 -2.675629697835824605e-01 -2.091259041297619248e-01 -1.619579986365801694e-01 -1.217331592604743579e-01 -8.626967515054911884e-02 -5.429001033755236766e-02 -2.497085159078691122e-02 -6.945047992480558440e-04 6.296621584487789580e-02 1.344338908689708956e-01 2.155063340715003273e-01 3.077285145668033350e-01 4.103780989843726634e-01 5.283406664947151166e-01 6.588065135300880115e-01 7.718573564787417629e-01 8.487933084654302185e-01
-4.964221715154732428e-01 -3.482592150731185221e-01 -2.674583634346955341e-01 -2.090125137130295907e-01 -1.618394863536178896e-01 -1.216115822538804542e-01 -8.614624328572428880e-02 -5.416572534420069363e-02 -2.484700717467719366e-02 -5.712582614215472223e-04 6.307543324349894343e-02 1.344636777510123671e-01 2.150834264035645371e-01 3.050906726581055772e-01 4.050654853711318504e-01 5.186187631606498094e-01 6.377213818090401443e-01 7.290342953782044111e-01 7.961319762347428552e-01
-4.963700018577631989e-01 -3.481689171978659125e-01 -2.673538499934680623e-01 -2.088993110074493786e-01 -1.617208583335327798e-01 -1.214899269371534918e-01 -8.602246290711453025e-02 -5.404189128789031044e-02 -2.472342068310281332e-02 -4.495021027349492440e-04 6.317507889545094513e-02 1.344375844972865164e-01 2.143981673423873968e-01 3.023063842512042076e-01 4.004904265527404750e-01 5.098227152197777334e-01 6.182932072546802882e-01 6.953810265776159127e-01 7.565395160630365989e-01
-4.963179251347947241e-01 -3.480784707113926402e-01 -2.672493786062820065e-01 -2.087860612862797172e-01 -1.616023600838862317e-01 -1.213683539338203943e-01 -8.589916189585755646e-02 -5.391860426103305126e-02 -2.460092856827621188e-02 -3.297671823551557853e-04 6.326283480780700574e-02 1.343468795336038024e-01 2.134720732666940679e-01 2.997688902115904219e-01 3.963400418512519896e-01 5.016433234113497619e-01 5.990827569510781547e-01 6.678417108106562416e-01 7.249492988483715594e-01
-4.962658224036391452e-01 -3.479883165526662103e-01 -2.671452821310354997e-01 -2.086732899095273541e-01 -1.614840097215075043e-01 -1.212467362661358156e-01 -8.577609813347034096e-02 -5.379482354616087897e-02 -2.447966678593183065e-02 -2.128672894233772932e-04 6.333603639789475714e-02 1.341883248156436059e-01 2.123499508519559875e-01 2.974894902168223054e-01 3.924608294872363179e-01 4.939138472550333447e-01 5.814926452492529263e-01 6.446068525828974050e-01 6.987456320927056819e-01
-4.962140219939032426e-01 -3.478982346226125455e-01 -2.670410098267068655e-01 -2.085601405415457577e-01 -1.613658211060186032e-01 -1.211256008994878175e-01 -8.565326858389031572e-02 -5.367164110141492417e-02 -2.435980272852650286e-02 -9.844211749816869628e-05 6.339270498147625554e-02 1.339635523124940719e-01 2.111340996367813416e-01 2.954121690101750297e-01 3.887740914791967817e-01 4.864865221058339850e-01 5.656415243631006673e-01 6.245512308336109708e-01 6.764073026490098339e-01
-4.961675635678390872e-01 -3.478182245828030372e-01 -2.669483941633494228e-01 -2.084598910128209748e-01 -1.612607453125750878e-01 -1.210175673698310750e-01 -8.554440851498344711e-02 -5.356274526905742406e-02 -2.425496204699350081e-02 0.000000000000000000e+00 6.342819145627920374e-02 1.337065829279180662e-01 2.100556894460129387e-01 2.936927672154857616e-01 3.856206103250061079e-01 4.799765238031906134e-01 5.528399457287755947e-01 6.087900242582537924e-01 6.590107514631891039e-01
-4.960330977564101351e-01 -3.475852720612115920e-01 -2.666787602706922056e-01 -2.081680485490597088e-01 -1.609551810905920921e-01 -1.207043793329710679e-01 -8.522865785856395537e-02 -5.324971131306973499e-02 -2.395821447675362814e-02 2.680054390094278568e-04 6.344494897649129161e-02 1.326782524821802367e-01 2.071545285739805342e-01 2.891314344157659422e-01 3.769104774021374005e-01 4.601200596112081653e-01 5.209716659940780703e-01 5.708108960695140732e-01 6.175850632445314403e-01
-4.958601090894001473e-01 -3.472851238231105531e-01 -2.663313625756434933e-01 -2.077917557715283914e-01 -1.605614589027384853e-01 -1.203017675705471967e-01 -8.482517807901239493e-02 -5.285676191118160450e-02 -2.360133457844244137e-02 5.643318075561022315e-04 6.326910824290965518e-02 1.309712363531674306e-01 2.039832425061314236e-01 2.838045678309214503e-01 3.663382618359636300e-01 4.361206077224694666e-01 4.883843949799571149e-01 5.333428363494802094e-01 5.772836461044265066e-01
-4.956368802514689031e-01 -3.468986513062427557e-01 -2.658840721397569551e-01 -2.073071311207441980e-01 -1.600549380592033999e-01 -1.197857493927464434e-01 -8.431432428512285193e-02 -5.237454335482951556e-02 -2.319400016301661344e-02 8.508582799023928396e-04 6.274126977617899836e-02 1.287839035192672732e-01 2.005043866172149802e-01 2.774099467529390073e-01 3.525381762056895019e-01 4.099118731673394578e-01 4.554478431117465753e-01 4.964866397609176141e-01 5.380722406479977460e-01
-4.953497836663700027e-01 -3.464014835855835917e-01 -2.653044540608558433e-01 -2.066841342393249403e-01 -1.594045513434081407e-01 -1.191281065938373102e-01 -8.367295194804448555e-02 -5.180268697984034831e-02 -2.276938073007358718e-02 1.051800099402750007e-03 6.169383122690986349e-02 1.263722409293593085e-01 1.965382053651500149e-01 2.695750274375658950e-01 3.338507335909753349e-01 3.822844933944035128e-01 4.224533794420905486e-01 4.603332471028277473e-01 4.999305067013719017e-01
-4.949818871424394029e-01 -3.457626797334517055e-01 -2.645598193401159648e-01 -2.058843953767079404e-01 -1.585719956365006789e-01 -1.182918443020797711e-01 -8.288889505621602205e-02 -5.116080671112174100e-02 -2.239758331651298465e-02 1.044372479034459027e-03 6.024426068954834290e-02 1.238148218447461535e-01 1.918230108253194954e-01 2.595691972176080720e-01 3.123321000402652370e-01 3.537681708773034450e-01 3.896489989800601128e-01 4.249600315076044743e-01 4.628507232894755741e-01
-4.945057060461759413e-01 -3.449431979276012528e-01 -2.636043789968797180e-01 -2.048544262212475819e-01 -1.575083376733423246e-01 -1.172473632815029948e-01 -8.196180578084866220e-02 -5.049899928992454545e-02 -2.218997734510131520e-02 7.069469452022014103e-04 5.865051259284997931e-02 1.210079235572418116e-01 1.860460577523269377e-01 2.452367687505513649e-01 2.889924528874857623e-01 3.247929351217208604e-01 3.572439862568346780e-01 3.904399250840555058e-01 4.268324314528920138e-01
-4.938961206091728173e-01 -3.438865711493501176e-01 -2.623811111603049917e-01 -2.035348381090531233e-01 -1.561586274182684975e-01 -1.159683857514751393e-01 -8.091437581288093983e-02 -4.990478457979097976e-02 -2.223948395929612604e-02 1.161616392198834742e-04 5.707139095318387867e-02 1.177582411743664792e-01 1.787140420576148192e-01 2.275879430866547815e-01 2.644449547585482341e-01 2.957194174506845852e-01 3.254194641686682377e-01 3.568442890304011073e-01 3.918869568238740886e-01
-4.931177656531581244e-01 -3.425354293340960865e-01 -2.608097387003131540e-01 -2.018563565146336558e-01 -1.544700806088815659e-01 -1.144421745723358530e-01 -7.980025884787088353e-02 -4.944962544707078717e-02 -2.241645587386769875e-02 -4.673155616307158862e-04 5.549328497920646280e-02 1.138142244473434456e-01 1.680871619656157390e-01 2.079781683433309103e-01 2.392187900878827711e-01 2.668692862987857017e-01 2.943400854345491480e-01 3.242428059313682831e-01 3.580371916456847603e-01
-4.921272984677003137e-01 -3.408121688463802146e-01 -2.588067385043311686e-01 -1.997210612497982984e-01 -1.523802702339771831e-01 -1.126712446445785470e-01 -7.867332650334978028e-02 -4.900344572860579340e-02 -2.244814675769819801e-02 -8.252699601386200880e-04 5.379556298520726115e-02 1.088130796369755210e-01 1.540076129206673083e-01 1.871225017758638698e-01 2.138275185623166597e-01 2.385214376969327921e-01 2.641565217336884763e-01 2.927099308010847056e-01 3.253179308561866545e-01
