4.739438031749234614e-01 4.736100114405087380e-01 4.732756601588323786e-01 4.729419515633765392e-01 4.726069247402074347e-01 4.722737059528590020e-01 4.719394735345909253e-01 4.716054585657696308e-01 4.712694775272313064e-01 4.709739418433380731e-01 4.701075657606000324e-01 4.689877500767435370e-01 4.675427086917414154e-01 4.656752525398436537e-01 4.632630567581565439e-01 4.601491690837032356e-01 4.561312026258202978e-01 4.509557512413980285e-01 4.443063587254015290e-01
4.634435327028090801e-01 4.631142184296242470e-01 4.627848611682373603e-01 4.624554633975983542e-01 4.621250910053364414e-01 4.617953652968684874e-01 4.614668880342009394e-01 4.611369456244170939e-01 4.608069115694462536e-01 4.605140604159455586e-01 4.596601720752389597e-01 4.585568341643868062e-01 4.571302253939946714e-01 4.552895756301580943e-01 4.529101974846340695e-01 4.498407897956703261e-01 4.458803059953538872e-01 4.407778157969879929e-01 4.342232517033195460e-01
3.852273928979677020e-01 3.849553568197868203e-01 3.846832789598900182e-01 3.844111431686604852e-01 3.841388073519451662e-01 3.838668304937274955e-01 3.835946677782042791e-01 3.833224194584481381e-01 3.830502714349446336e-01 3.828083523506950470e-01 3.821027010649145628e-01 3.811919372742814671e-01 3.800134349484916574e-01 3.784962175145293317e-01 3.765351133031025754e-01 3.740040686681820326e-01 3.707416803939446726e-01 3.665408286384985170e-01 3.611457034595015880e-01
2.748121327260377167e-01 2.745727362945428740e-01 2.743330982350711822e-01 2.740935233951424244e-01 2.738539321216272859e-01 2.736143872637598617e-01 2.733747827563139943e-01 2.731350992841173331e-01 2.728953276530032279e-01 2.726823714385841479e-01 2.720614255950670746e-01 2.712601561127975236e-01 2.702264937626820962e-01 2.688918410836703132e-01 2.671696756748765944e-01 2.649512290375993229e-01 2.620943060734027830e-01 2.584234887314758589e-01 2.537238088125592927e-01
1.970007052866504516e-01 1.967770448453298737e-01 1.965533021986380635e-01 1.963302062256824243e-01 1.961073244664914006e-01 1.958844469025852186e-01 1.956615228449937738e-01 1.954385517565852548e-01 1.952155416950135391e-01 1.950172704050238681e-01 1.944392680813755991e-01 1.936924137637029419e-01 1.927275961721624797e-01 1.914862468246250615e-01 1.898826543403381861e-01 1.878166359298515942e-01 1.851553734523056216e-01 1.817393083260868125e-01 1.773656572153037014e-01
1.397282142576804775e-01 1.395200275294700976e-01 1.393117294270494466e-01 1.391034211665056752e-01 1.388951415296160730e-01 1.386867118193446102e-01 1.384782729907931276e-01 1.382698941196952025e-01 1.380622748598597238e-01 1.378779390446079889e-01 1.373402658695948575e-01 1.366454270118682701e-01 1.357474338854380014e-01 1.345870294052105565e-01 1.330953782718454215e-01 1.311678958448826426e-01 1.286905296806984123e-01 1.255050867003300596e-01 1.214256620123043973e-01
9.393695025120943343e-02 9.374080060961954841e-02 9.354476121459354143e-02 9.334852904493488868e-02 9.315240640313132703e-02 9.295624680627115333e-02 9.275983152234479334e-02 9.256361924788845952e-02 9.236711602572565682e-02 9.219261627480111743e-02 9.168472391041658509e-02 9.103114505698794989e-02 9.018673938394627942e-02 8.909571703631986861e-02 8.768901572338830275e-02 8.587947490056918598e-02 8.354953062200247416e-02 8.055749937369363622e-02 7.673312142462353214e-02
5.656169824454120726e-02 5.637307312128376352e-02 5.618452637718775178e-02 5.599719254313692551e-02 5.580970640383093456e-02 5.562216270190212947e-02 5.543455132302503585e-02 5.524684872779210554e-02 5.505932016898529985e-02 5.489251861450695352e-02 5.440599749803217561e-02 5.377770727087923669e-02 5.296601060049450915e-02 5.192149811934321929e-02 5.057585731482353020e-02 4.883832069023211209e-02 4.661079203233414736e-02 4.374969849985746451e-02 4.009335783150098226e-02
2.538857567420174308e-02 2.520622610556963461e-02 2.502413760794110209e-02 2.484192540559092971e-02 2.465964457877415153e-02 2.447719870232549499e-02 2.429491289554251005e-02 2.411271001896670221e-02 2.393083718077332334e-02 2.377005189876772034e-02 2.330034393157103326e-02 2.269360335206727780e-02 2.191011433127665331e-02 2.089813800445207773e-02 1.959588932376944703e-02 1.791959510210284004e-02 1.576305407884886003e-02 1.299681034363860815e-02 9.466014168616357013e-03
1.576339571735061156e-03 1.398817426928354981e-03 1.221626205518430144e-03 1.044290965430447627e-03 8.671491174516437897e-04 6.898758727359888959e-04 5.124142310385788835e-04 3.351275925461784703e-04 1.576966274186994627e-04 0.000000000000000000e+00 -4.599192457083030815e-04 -1.053526501639998362e-03 -1.816205342944533655e-03 -2.800263169096049547e-03 -4.071081630274965731e-03 -5.705800228231437676e-03 -7.806929932793770822e-03 -1.050027065259997311e-02 -1.394099224731655887e-02
-5.356446993985482241e-02 -5.373171804694320403e-02 -5.389840889118951289e-02 -5.406547521477048091e-02 -5.423241525617853581e-02 -5.439933619669594378e-02 -5.456628681702586220e-02 -5.473330267455393111e-02 -5.490058552617660403e-02 -5.504892240614619320e-02 -5.548170162183348880e-02 -5.603819081992273549e-02 -5.675533403270750787e-02 -5.768125431347671805e-02 -5.887714087963109161e-02 -6.041339562887228232e-02 -6.238920768436944514e-02 -6.492031441547253812e-02 -6.815364854091283953e-02
-1.053594080660335414e-01 -1.055163797102435935e-01 -1.056731115919616881e-01 -1.058297355063972517e-01 -1.059865944166408919e-01 -1.061435578797306489e-01 -1.063001675178987387e-01 -1.064569430143445933e-01 -1.066136536405586782e-01 -1.067530790635450866e-01 -1.071592487261606164e-01 -1.076808436222237431e-01 -1.083540061346135730e-01 -1.092229795710420170e-01 -1.103445831356898582e-01 -1.117861851884461161e-01 -1.136385239513639372e-01 -1.160136267589717829e-01 -1.190469267646134671e-01
-1.543396771456612970e-01 -1.544862787778913116e-01 -1.546330725455173916e-01 -1.547797861672057795e-01 -1.549263081641548412e-01 -1.550731449365726489e-01 -1.552198873068358353e-01 -1.553665962196196793e-01 -1.555132815118449030e-01 -1.556436285138592668e-01 -1.560210539284515585e-01 -1.565085341088440496e-01 -1.571379820133523841e-01 -1.579507043939524236e-01 -1.589996681592367733e-01 -1.603460827934599653e-01 -1.620773159665968022e-01 -1.642964539793453083e-01 -1.671312782580532397e-01
-2.009851648286071490e-01 -2.011212365727557128e-01 -2.012569449054652237e-01 -2.013930171279250669e-01 -2.015289899273866869e-01 -2.016645199360413698e-01 -2.018005800479983070e-01 -2.019364819002685552e-01 -2.020724700116124650e-01 -2.021930765627078241e-01 -2.025448051263746274e-01 -2.029999002864444346e-01 -2.035867968930416549e-01 -2.043446535430333555e-01 -2.053164259031669547e-01 -2.065684511113149435e-01 -2.081813532581941184e-01 -2.102414075301814178e-01 -2.128745901010430652e-01
-2.457581760902221857e-01 -2.458844399015397697e-01 -2.460105354274284839e-01 -2.461359881430740804e-01 -2.462615250503409903e-01 -2.463869203257012808e-01 -2.465123394738893969e-01 -2.466377961266205676e-01 -2.467631202459143747e-01 -2.468746124510189655e-01 -2.471996195400427698e-01 -2.476193657240716439e-01 -2.481610970442767183e-01 -2.488599151059376069e-01 -2.497621792067463986e-01 -2.509171871678632093e-01 -2.524041582317847476e-01 -2.543104894618152256e-01 -2.567406015413662979e-01
-2.891637091466783827e-01 -2.892789954443319989e-01 -2.893942523460121263e-01 -2.895097580884863908e-01 -2.896249819849051610e-01 -2.897403821374784361e-01 -2.898558156820004172e-01 -2.899711575733567859e-01 -2.900864280562664432e-01 -2.901886826774625061e-01 -2.904877237493032061e-01 -2.908734793793750217e-01 -2.913709587631884146e-01 -2.920099631960721975e-01 -2.928326502392478159e-01 -2.938931373139528902e-01 -2.952583327036498728e-01 -2.970000012204797590e-01 -2.992284521286363574e-01
-3.318311612028732593e-01 -3.319359856328017999e-01 -3.320406288988874688e-01 -3.321453640968769494e-01 -3.322501764039705319e-01 -3.323548547968039890e-01 -3.324596122533772791e-01 -3.325642881660094141e-01 -3.326690523728241256e-01 -3.327620479100576456e-01 -3.330333308439892837e-01 -3.333831529020996887e-01 -3.338315121820631948e-01 -3.344102164183551107e-01 -3.351564755171267396e-01 -3.361180890252740694e-01 -3.373543652235342361e-01 -3.389315250941914992e-01 -3.409493857465070721e-01
-3.746230072627242391e-01 -3.747167648820199926e-01 -3.748104530827767733e-01 -3.749041830005019338e-01 -3.749978623397098865e-01 -3.750916314787363093e-01 -3.751851050921992115e-01 -3.752789082909707696e-01 -3.753718151757042820e-01 -3.754543617718952841e-01 -3.756951032713805594e-01 -3.760058473157238401e-01 -3.764067569493080856e-01 -3.769239397193552832e-01 -3.775907859974659275e-01 -3.784497799681879604e-01 -3.795516584150868122e-01 -3.809589187913775543e-01 -3.827581659289789884e-01
-4.188695085262824080e-01 -4.189512371342179464e-01 -4.190328978557476547e-01 -4.191145429822618063e-01 -4.191961814883863879e-01 -4.192779012416856244e-01 -4.193595576626821253e-01 -4.194410146455027077e-01 -4.195225550596555220e-01 -4.195949874327445928e-01 -4.198062286615781291e-01 -4.200788566345139974e-01 -4.204305177863885690e-01 -4.208843608100083511e-01 -4.214666011930426892e-01 -4.222141098582470886e-01 -4.231749559349645695e-01 -4.244072461637565796e-01 -4.259743725862800701e-01
