1.442399131984242740e+04 1.442399131984242740e+04 1.442399131984242740e+04 1.442399131984242740e+04 1.442399131984242740e+04 1.442399131984242740e+04 1.442399131984242740e+04 1.442399131984242740e+04 1.442399131984242740e+04 1.442399131984242740e+04 1.442399131984242740e+04 1.442399131984242740e+04 1.442399131984242740e+04 1.442399131984242740e+04 1.442399131984242740e+04 1.442399131984242740e+04 1.442399131984242740e+04 1.442399131984242740e+04 1.442399131984242740e+04
-3.456845497584669635e-01 -3.794867354092543166e-02 1.027506128057460028e-01 1.984337511743046456e-01 2.731258170725181511e-01 3.353875486808629569e-01 3.893461356255916161e-01 4.373344215620375008e-01 4.808137398526704520e-01 5.164639947183162771e-01 6.084676312099120965e-01 7.087649872978276644e-01 8.161595866807287436e-01 9.321294695371019623e-01 1.062725834540314329e+00 1.194531686518988112e+00 1.294379188303276251e+00 1.372034822042252911e+00 1.443004028299398112e+00
-3.947176342943688465e-01 -1.498899143987148519e-01 -3.119109713659450403e-02 5.124343675962222261e-02 1.163246260983157865e-01 1.709824803052114317e-01 2.186171722762536018e-01 2.611739453171290637e-01 2.998687465358730875e-01 3.316881302170262003e-01 4.141392561317872034e-01 5.044343887388751391e-01 6.014258720776580747e-01 7.063470801966168500e-01 8.231168256673155881e-01 9.418878993399221189e-01 1.031430851260949799e+00 1.100334146202556207e+00 1.162513412804750512e+00
-4.230530809339435039e-01 -2.092267292486234276e-01 -1.020584070962003431e-01 -2.675760574352814905e-02 3.306323321863402498e-02 8.352065970612634893e-02 1.276348124427319486e-01 1.671512476460104146e-01 2.031549175917613526e-01 2.328176811624693143e-01 3.098690570629080154e-01 3.945143133031030480e-01 4.856822786362334221e-01 5.845737179059700139e-01 6.939227943008826616e-01 8.060289228879464751e-01 8.906719656231243398e-01 9.556777379123336802e-01 1.014155497879916989e+00
-4.428775843051521166e-01 -2.487343427041093791e-01 -1.491659815826235358e-01 -7.864318668536432466e-02 -2.237883792572999825e-02 2.521975224379913519e-02 6.693067746943849594e-02 1.043583028331839940e-01 1.385139619775483388e-01 1.666878195358566794e-01 2.400007762444262838e-01 3.207239221753869773e-01 4.078519426734694697e-01 5.025840871093936180e-01 6.068385244257018529e-01 7.144199084287368162e-01 7.958146476174838835e-01 8.582958612589608460e-01 9.144368898794839051e-01
-4.580528857424370215e-01 -2.779516100851018856e-01 -1.839554532592062863e-01 -1.169790441975182282e-01 -6.336916346576106085e-02 -1.791100539641195949e-02 2.198825128178026611e-02 5.784191332512016864e-02 9.059744204146413793e-02 1.176422603655245536e-01 1.881173668656105913e-01 2.658514724429802967e-01 3.498998366272279559e-01 4.414652036846629102e-01 5.421073200376402834e-01 6.460022956360056412e-01 7.249537303072227656e-01 7.855583579488941703e-01 8.399844046751946403e-01
-4.702985053204430388e-01 -3.009285337307138763e-01 -2.112810532051095369e-01 -1.470966971794429590e-01 -9.558364069419283959e-02 -5.183016604111035514e-02 -1.337021514936094155e-02 2.122403219519510692e-02 5.286230912042778896e-02 7.900257042834259169e-02 1.472010157030106403e-01 2.225307157140688497e-01 3.041002142428991251e-01 3.931170864243545005e-01 4.909293655136530155e-01 5.917821531612964536e-01 6.687750028398151692e-01 7.278810378630473643e-01 7.809492174575901613e-01
-4.805358008531753211e-01 -3.197416975747333634e-01 -2.336338394175024036e-01 -1.717377131661327605e-01 -1.219486374052893007e-01 -7.959777958078752269e-02 -4.233086000945264493e-02 -8.776455598887405660e-03 2.193336595008681805e-02 4.732501542043208997e-02 1.136289264925623987e-01 1.869567204053802223e-01 2.664574569700298157e-01 3.533448521019974531e-01 4.488171996356442039e-01 5.471080663548192335e-01 6.224687648208376833e-01 6.803262190607651805e-01 7.322662993142901033e-01
-4.893099500478098052e-01 -3.355940374986841612e-01 -2.524511507479714756e-01 -1.924785821436875988e-01 -1.441514145092698540e-01 -1.029898193053434274e-01 -6.673140343143410536e-02 -3.406218308937819517e-02 -4.141793002799718307e-03 2.060985215644477869e-02 8.529664148490748166e-02 1.569115120410013442e-01 2.346437596110393375e-01 3.197055795544437307e-01 4.131851220343353837e-01 5.092706065791877679e-01 5.832301853122952018e-01 6.400181253080339250e-01 6.909935227748486009e-01
-4.961675635678390872e-01 -3.478182245828030372e-01 -2.669483941633494228e-01 -2.084598910128209748e-01 -1.612607453125750878e-01 -1.210175673698310750e-01 -8.554440851498344711e-02 -5.356274526905742406e-02 -2.425496204699350081e-02 0.000000000000000000e+00 6.342819145627920374e-02 1.337065829279180662e-01 2.100556894460129387e-01 2.936927672154857616e-01 3.856206103250061079e-01 4.799765238031906134e-01 5.528399457287755947e-01 6.087900242582537924e-01 6.590107514631891039e-01
-5.125679747222983140e-01 -3.764718605793110906e-01 -3.008904999357412957e-01 -2.458766054024199010e-01 -2.013272409252999939e-01 -1.632556995405159972e-01 -1.296359158040654436e-01 -9.927851334856091503e-02 -7.142320106324011320e-02 -4.834936831244912581e-02 1.208303249413767398e-02 7.917596521957795397e-02 1.522299725305356899e-01 2.324593049343466888e-01 3.206909735262234995e-01 4.108937815447046282e-01 4.811272881557070447e-01 5.350648077121069601e-01 5.834756733361150527e-01
-5.285852115022663389e-01 -4.037148842058659315e-01 -3.330995162040608082e-01 -2.813825773832872579e-01 -2.393569359155215404e-01 -2.033630694385840099e-01 -1.715206004468046719e-01 -1.427243255046456438e-01 -1.162744040803849882e-01 -9.434110101388169800e-02 -3.680985307427304259e-02 2.718969290116413084e-02 9.703067433096465577e-02 1.739330514343247480e-01 2.585714822648444988e-01 3.446999529794761985e-01 4.123517975525621826e-01 4.643065527226813427e-01 5.109310135386563312e-01
-5.441823676586254876e-01 -4.295895079338744038e-01 -3.636336094560928545e-01 -3.150327742055837876e-01 -2.754141702481339160e-01 -2.414011357591291651e-01 -2.112590785396094573e-01 -1.839670507523163689e-01 -1.588667253745137120e-01 -1.380340025828185879e-01 -8.330139877917501490e-02 -2.230466091947418822e-02 4.441881964094356733e-02 1.180789023969880114e-01 1.992287773575892595e-01 2.816281218675560361e-01 3.464998696382217691e-01 3.965036877707807106e-01 4.413682681097592653e-01
-5.593431093521579189e-01 -4.541401215235829625e-01 -3.925457670687104716e-01 -3.468910992246288516e-01 -3.095552043523321917e-01 -2.774306606728368374e-01 -2.489165106520550008e-01 -2.230615458784641625e-01 -1.992572580348797584e-01 -1.794814609141964223e-01 -1.274505993606679655e-01 -6.935075008631359783e-02 -5.647296242217478279e-03 6.486426405518269656e-02 1.426307415849929205e-01 2.215726900788211051e-01 2.835573619086921848e-01 3.316485530366960477e-01 3.747810336503406559e-01
-5.740287680435449680e-01 -4.774093367190986870e-01 -4.198943749174112727e-01 -3.770153237280816638e-01 -3.418385590445915390e-01 -3.115105487171227483e-01 -2.845465813357316298e-01 -2.600661585606405257e-01 -2.375005181226653439e-01 -2.187347962035856019e-01 -1.693013651233175321e-01 -1.139979433083172650e-01 -5.320899924816824972e-02 1.424978751889994198e-02 8.874486392093104692e-02 1.643802831512301832e-01 2.235129111810609248e-01 2.697348355961857180e-01 3.111679942163464441e-01
-5.882196940406541064e-01 -4.994298466031146799e-01 -4.457201060042005891e-01 -4.054528273162965601e-01 -3.723188999678218036e-01 -3.436958017700810220e-01 -3.182026066602562375e-01 -2.950306227124239733e-01 -2.736495591697407082e-01 -2.558526525226407222e-01 -2.089021961711759745e-01 -1.562846625733270711e-01 -9.830437722987221683e-02 -3.379496122627925758e-02 3.754387566923122338e-02 1.100043923566413340e-01 1.665226951289545398e-01 2.107571092502564802e-01 2.505279973422066542e-01
-6.018895520515136210e-01 -5.202345302686622874e-01 -4.700702266096262738e-01 -4.322509190767332976e-01 -4.010432197258715914e-01 -3.740285983188119112e-01 -3.499331103705172197e-01 -3.280053541044787857e-01 -3.077479855891583904e-01 -2.908727386588458308e-01 -2.462996271847813778e-01 -1.962549317159044404e-01 -1.409679391532610571e-01 -7.929976910042380034e-02 -1.100093937701707505e-02 5.841827657327774287e-02 1.126223829215763500e-01 1.547110506366843052e-01 1.928671455220417885e-01
-6.150098546203460748e-01 -5.398412043380007574e-01 -4.929716889200627672e-01 -4.574464717971447603e-01 -4.280491995404538952e-01 -4.025479301563772427e-01 -3.797752344076704700e-01 -3.590245625939713081e-01 -3.398372941354678711e-01 -3.238413229869874232e-01 -2.815285406123786416e-01 -2.339386894758329616e-01 -1.812308303037000745e-01 -1.222934727714117126e-01 -5.690863098813679632e-02 9.600585285928425056e-03 6.161858794790968374e-02 1.018082867237209838e-01 1.381878298851483833e-01
-6.275490695047075684e-01 -5.582742902226979220e-01 -5.144538750813452133e-01 -4.810712145213397739e-01 -4.533672436033812647e-01 -4.292946018945079656e-01 -4.077679803056364349e-01 -3.881270610431340473e-01 -3.699506193780722763e-01 -3.547833278784506272e-01 -3.146179937828294526e-01 -2.693646803653024779e-01 -2.191142659155521089e-01 -1.627890149118030871e-01 -1.001923606184313698e-01 -3.646053490166699385e-02 1.348396711048829508e-02 5.200965591585033493e-02 8.663790443643175354e-02
