9.806007481310107323e+03 5.607704103075557001e-01 3.560762036076783321e-01 2.497021049597369924e-01 1.791113585681002596e-01 1.267974586852859686e-01 8.547527983443561905e-02 5.144598622861434878e-02 2.258706442865193037e-02 1.876698903756511463e-04 -5.298470494666714103e-02 -1.047100701286257096e-01 -1.553773725764981406e-01 -2.054430204510170610e-01 -2.554608051633617261e-01 -3.061310547548881655e-01 -3.583439446246903803e-01 -4.131895421603979379e-01 -4.717851057970405826e-01
8.822445304583576009e-01 5.362309000097468248e-01 3.534110727682039377e-01 2.492961510189566077e-01 1.790524693136181789e-01 1.268100238370477306e-01 8.550545664509293098e-02 5.148106452243401965e-02 2.262208175576840841e-02 2.234964729681288031e-04 -5.294931948524977949e-02 -1.046770613740465178e-01 -1.553469618422626264e-01 -2.054146595048540747e-01 -2.554346221292578267e-01 -3.061070089898809687e-01 -3.583228036473015132e-01 -4.131711858573994811e-01 -4.717707692748644988e-01
7.364456565006185507e-01 5.095682314934143475e-01 3.468777833551962564e-01 2.475712751714346793e-01 1.785633406716593263e-01 1.266717688472621395e-01 8.547812925345596446e-02 5.149247906530915464e-02 2.264653987295742535e-02 2.524392097289832851e-04 -5.291592059922701347e-02 -1.046442408723989859e-01 -1.553164799569398957e-01 -2.053867345864061889e-01 -2.554085027900549476e-01 -3.060832012784583389e-01 -3.583019963350848602e-01 -4.131530359434583688e-01 -4.717549181556227045e-01
6.579823545310904409e-01 4.881086801181699908e-01 3.396651257162257576e-01 2.450298228801989775e-01 1.776424133443930686e-01 1.263321637556902299e-01 8.535792628858815401e-02 5.145964452948658535e-02 2.265078524788675593e-02 2.717835932897958145e-04 -5.288508784534180079e-02 -1.046125179098231078e-01 -1.552860878336369821e-01 -2.053582378333477232e-01 -2.553825342219869787e-01 -3.060595644541388438e-01 -3.582806655958760689e-01 -4.131347647478393337e-01 -4.717398210605305287e-01
6.049744322899859306e-01 4.698463685808489942e-01 3.326640801406890446e-01 2.421140412426337762e-01 1.764180425497557658e-01 1.258122326987731188e-01 8.513948119185017760e-02 5.137364778062115944e-02 2.262659601539306412e-02 2.743303309966264674e-04 -5.285886887834601727e-02 -1.045815540033704083e-01 -1.552564817709707612e-01 -2.053296583083969173e-01 -2.553562194365356919e-01 -3.060357675042947867e-01 -3.582593785713317769e-01 -4.131165776001330947e-01 -4.717249422222054567e-01
5.652640223377631834e-01 4.537054649079686475e-01 3.260738831466862830e-01 2.390565357025312976e-01 1.749961149278819461e-01 1.251477940350472495e-01 8.483099059794596553e-02 5.123562895554316377e-02 2.257149384937062048e-02 2.567391100760083359e-04 -5.283548254624195750e-02 -1.045513776510029191e-01 -1.552258641701675379e-01 -2.053010032903999083e-01 -2.553301849859818118e-01 -3.060120695906953237e-01 -3.582386164499694048e-01 -4.130985163562232998e-01 -4.717096486237470909e-01
5.336813378315621303e-01 4.391472615337077556e-01 3.199074720525040827e-01 2.359754343681219890e-01 1.734528721696654840e-01 1.243746433990323835e-01 8.444551933092181439e-02 5.104704444475639119e-02 2.248470099694986277e-02 2.187379186380082629e-04 -5.281907729570492482e-02 -1.045220758448869719e-01 -1.551959754421644300e-01 -2.052731553180186796e-01 -2.553042280611952375e-01 -3.059882164821873807e-01 -3.582174572132123536e-01 -4.130807208438102562e-01 -4.716944698080266507e-01
5.075580479169059522e-01 4.258610128286797192e-01 3.141262616212363579e-01 2.329318591702337626e-01 1.718361752176181534e-01 1.235210233555140702e-01 8.399493340630174998e-02 5.081255457252990826e-02 2.236830719466479517e-02 1.623334433766642599e-04 -5.280902784340094080e-02 -1.044948365545591840e-01 -1.551664616048754053e-01 -2.052447688502702372e-01 -2.552780095659775150e-01 -3.059645892347001017e-01 -3.581961277188950299e-01 -4.130618634085981844e-01 -4.716794787198539396e-01
4.853449059212902039e-01 4.136447617216429395e-01 3.086815321347756158e-01 2.299540390633730280e-01 1.701810633378593451e-01 1.226057883027811407e-01 8.349154697818575444e-02 5.054005733708152176e-02 2.222376325912692879e-02 8.483582411652140038e-05 -5.280620633667865854e-02 -1.044692513005257423e-01 -1.551371555913156619e-01 -2.052168170547102599e-01 -2.552518327308482826e-01 -3.059408443475746808e-01 -3.581750555550249349e-01 -4.130433610677379241e-01 -4.716644819007526634e-01
4.680833001669853499e-01 4.035616181001984160e-01 3.040865674087204207e-01 2.273750400251286774e-01 1.686972146476169720e-01 1.217546989383295614e-01 8.300827670265024938e-02 5.026739170977428256e-02 2.207375670927309158e-02 0.000000000000000000e+00 -5.280967014154324540e-02 -1.044483119705974516e-01 -1.551114682910826326e-01 -2.051918097579112088e-01 -2.552287681477631853e-01 -3.059198522481990090e-01 -3.581564537011855953e-01 -4.130271533134796114e-01 -4.716509317961650738e-01
4.271089697022108500e-01 3.775842534138964535e-01 2.917561893413276319e-01 2.202431026634971423e-01 1.643881321552326802e-01 1.191580310974402479e-01 8.145351746486406697e-02 4.934464202019174517e-02 2.153597991005665180e-02 -3.246098288955716013e-04 -5.285047870245902085e-02 -1.043960707462278648e-01 -1.550388951579862173e-01 -2.051194166009186193e-01 -2.551612131104137315e-01 -3.058584003051219580e-01 -3.581017250117711770e-01 -4.129799904797922250e-01 -4.716125104484210628e-01
3.874209798634061785e-01 3.498001401524767351e-01 2.775887596611893993e-01 2.118331384520015237e-01 1.590147245415766408e-01 1.157085985741410361e-01 7.925428457653131697e-02 4.795466238850611823e-02 2.066768880015333598e-02 -8.850026662745594718e-04 -5.297178346463362469e-02 -1.043525943617909929e-01 -1.549515180542058168e-01 -2.050269716164096201e-01 -2.550744113197705443e-01 -3.057791178071683769e-01 -3.580311095693780032e-01 -4.129196869206723242e-01 -4.715614780216996760e-01
3.489631853112751814e-01 3.206398475741023546e-01 2.613665428008203895e-01 2.020609012926161407e-01 1.525175638697306157e-01 1.113102661205894184e-01 7.628747699071181110e-02 4.597074987133981105e-02 1.935498767998329941e-02 -1.783964602175279988e-03 -5.322909903838948104e-02 -1.043371783685995285e-01 -1.548495601454816517e-01 -2.049097962131039563e-01 -2.549622668100071654e-01 -3.056768653629771682e-01 -3.579402371886704626e-01 -4.128405282543176624e-01 -4.714965786804403147e-01
3.116885601251007665e-01 2.905346196303302264e-01 2.429586217766350753e-01 1.907811710976829167e-01 1.448400686090719480e-01 1.058925209053092481e-01 7.245245058368887658e-02 4.327317158865945368e-02 1.747418042398171320e-02 -3.134873689220818264e-03 -5.369705900820299221e-02 -1.043801502480546928e-01 -1.547383606080102447e-01 -2.047636619478322151e-01 -2.548189093017030338e-01 -3.055451240699610937e-01 -3.578223449295926395e-01 -4.127389723154265000e-01 -4.714124943985349425e-01
2.755572178480597545e-01 2.598780499223637963e-01 2.224040555610417580e-01 1.777913842377512044e-01 1.359052093566974206e-01 9.940300091364902280e-02 6.767591544749641808e-02 3.976406991498784849e-02 1.491555107252809723e-02 -5.051682005103106353e-03 -5.446847041749227486e-02 -1.045314077179613499e-01 -1.546339682431758233e-01 -2.045852892036066628e-01 -2.546353674980339488e-01 -3.053752085681410988e-01 -3.576708239103050802e-01 -4.126079780975069333e-01 -4.713047799384018077e-01
2.405362214131157306e-01 2.290058707497025503e-01 1.999233839323251716e-01 1.628853674076707336e-01 1.255802966661715148e-01 9.178701116799541093e-02 6.190621919775917553e-02 3.537240965583417218e-02 1.158541901260549956e-02 -7.639720196405101402e-03 -5.564280893991707666e-02 -1.048561957795026284e-01 -1.545567252986921880e-01 -2.043738595516902956e-01 -2.544027461328752238e-01 -3.051570078419064691e-01 -3.574757023149822133e-01 -4.124392318716613159e-01 -4.711644773107651618e-01
2.066016069786541509e-01 1.981921278562722155e-01 1.758695150415317265e-01 1.459499453707508443e-01 1.136746251431027394e-01 8.295419808768852987e-02 5.509853857060869470e-02 3.004996253265743503e-02 7.418467187057272219e-03 -1.097796668726120674e-02 -5.732345750838611920e-02 -1.054338975604882656e-01 -1.545471735087374232e-01 -2.041345651853290477e-01 -2.541108852493925152e-01 -3.048766438009598012e-01 -3.572241720494366279e-01 -4.122217968429236490e-01 -4.709847372555190370e-01
1.737354256816638631e-01 1.676586367187210269e-01 1.506595295122829248e-01 1.270412094429138883e-01 9.998791114115949952e-02 7.275642859649865402e-02 4.718265563511056526e-02 2.375729690899643434e-02 2.373604534099007721e-03 -1.512330476579151414e-02 -5.959664741020435225e-02 -1.063503393129962421e-01 -1.546560480536702809e-01 -2.038785605620611341e-01 -2.537497924356643120e-01 -3.045180929999090069e-01 -3.569003460943935835e-01 -4.119418315150106258e-01 -4.707534773228683189e-01
1.419307295061241758e-01 1.375828428293667249e-01 1.247170180189052513e-01 1.063960601707164277e-01 8.440301334861764759e-02 6.100056406013797117e-02 3.803986139823822138e-02 1.643628975885528046e-02 -3.584223091756483150e-03 -2.010900935379065016e-02 -6.252795096237638572e-02 -1.076893269633285161e-01 -1.549469329496263870e-01 -2.036293366256129445e-01 -2.533124468952026587e-01 -3.040625523624974069e-01 -3.564843539883153500e-01 -4.115822929382135231e-01 -4.704557805637393231e-01
