-1.313634937905741075e-02 -1.156065037816344891e-02 -1.000844411691003029e-02 -8.478693384937891278e-03 -6.966391228482921548e-03 -5.473573123431443692e-03 -3.996214572904649605e-03 -2.534315075481916382e-03 -1.087371914200370090e-03 1.876698903756511463e-04 3.848139082736619625e-03 8.461433201043769281e-03 1.425044990527916076e-02 2.147858067483759265e-02 3.044546250577647231e-02 4.148751449883360254e-02 5.496635280187377182e-02 7.125319816556392738e-02 9.071164449960361642e-02
-1.310111794277447894e-02 -1.152566227669955118e-02 -9.972919926111189701e-03 -8.443313589249766202e-03 -6.930897833259054737e-03 -5.437633866666678403e-03 -3.960785361095111798e-03 -2.498994527517280767e-03 -1.051875864886934499e-03 2.234964729681288031e-04 3.883025427144608330e-03 8.495496624187255652e-03 1.428438290298685714e-02 2.151091906768826806e-02 3.047620518598806102e-02 4.151780512199364226e-02 5.499487351950858860e-02 7.127911552693855235e-02 9.073711442394027937e-02
-1.308590990792766334e-02 -1.150659465755867784e-02 -9.951644599804484667e-03 -8.419305276864469043e-03 -6.905540222637745855e-03 -5.411530550467513051e-03 -3.932725771585030873e-03 -2.470408082055763118e-03 -1.022056915894738443e-03 2.524392097289832851e-04 3.914478442701281764e-03 8.528168751280346127e-03 1.431658459942836137e-02 2.154276677146106656e-02 3.050810419055813988e-02 4.154744004404892221e-02 5.502318743793714606e-02 7.130493783797597906e-02 9.076135527386650081e-02
-1.310252448761487463e-02 -1.151713379276646070e-02 -9.956803629330050059e-03 -8.418127602746705920e-03 -6.900903944920802092e-03 -5.402141326557174592e-03 -3.922057619417770175e-03 -2.455564629995503172e-03 -1.005442681633184196e-03 2.717835932897958145e-04 3.936451333747775609e-03 8.553813644308854922e-03 1.434520050958597651e-02 2.157267705415190709e-02 3.053813000692273683e-02 4.157729082048036012e-02 5.505113839726134828e-02 7.133260694027329651e-02 9.078592946812263920e-02
-1.315382741203586017e-02 -1.155923748115702220e-02 -9.990968932190794419e-03 -8.445910037650839960e-03 -6.921246698023911063e-03 -5.418104952987452816e-03 -3.931519608440559727e-03 -2.460523308001639434e-03 -1.006253104717796422e-03 2.743303309966264674e-04 3.946776044311916913e-03 8.569916179941799647e-03 1.436701745050472656e-02 2.159847468618490696e-02 3.056554889714759027e-02 4.160523825101307416e-02 5.507826774850611146e-02 7.135908191950876556e-02 9.080968145412442183e-02
-1.323961593674278722e-02 -1.163369141192829338e-02 -1.005465540102700069e-02 -8.500662287536887504e-03 -6.968676457844990256e-03 -5.456782805142011521e-03 -3.964169582408651714e-03 -2.487536900767260955e-03 -1.027700091474049570e-03 2.567391100760083359e-04 3.940703277548775023e-03 8.574507240290523899e-03 1.437940671175103741e-02 2.161805904892154587e-02 3.059006487762356077e-02 4.163154815723191238e-02 5.510570306197080936e-02 7.138497901438378701e-02 9.083457671044559145e-02
-1.335605604413829528e-02 -1.173835787530728807e-02 -1.014866602888135801e-02 -8.584210715670502131e-03 -7.042360351193381780e-03 -5.522023441056327780e-03 -4.021371038842563861e-03 -2.537282538885474083e-03 -1.070665139382990117e-03 2.187379186380082629e-04 3.917476867118869360e-03 8.564824946866925540e-03 1.438270168904384402e-02 2.163117289582126151e-02 3.060992239960492675e-02 4.165595979582831232e-02 5.513066737012418256e-02 7.140996180312479680e-02 9.085754871683041078e-02
-1.350002487421635838e-02 -1.186986728554802542e-02 -1.026908144040097198e-02 -8.693919978404095195e-03 -7.140999228551491405e-03 -5.611656608866794245e-03 -4.100761084565452373e-03 -2.609051346653777116e-03 -1.135466723194852650e-03 1.623334433766642599e-04 3.876018133470518663e-03 8.540238563972813238e-03 1.437390114582728744e-02 2.163547866447854476e-02 3.062357101210634591e-02 4.167639318046734848e-02 5.515484288144015951e-02 7.143335466651015708e-02 9.088086814431606264e-02
-1.366954541727321941e-02 -1.202576670533767565e-02 -1.041243859444455216e-02 -8.825873959338688055e-03 -7.262737939013163245e-03 -5.722553541500360191e-03 -4.203536216919375595e-03 -2.702544181351087225e-03 -1.219101325266987385e-03 8.483582411652140038e-05 3.816715457324291755e-03 8.500030433127537741e-03 1.435188278015436629e-02 2.163053336936259299e-02 3.063163560471339475e-02 4.169259449447270532e-02 5.517666801975731894e-02 7.145820246278597465e-02 9.090526029318729551e-02
-1.383720090607940857e-02 -1.218264857690305042e-02 -1.055810777340986974e-02 -8.961122850895380382e-03 -7.388562305609735863e-03 -5.840169349398882312e-03 -4.311278229372141058e-03 -2.801350346570693779e-03 -1.310546458270486552e-03 0.000000000000000000e+00 3.748539863124380946e-03 8.451905630903892505e-03 1.432266265609529431e-02 2.161824743481008046e-02 3.063403287952129461e-02 4.170516404177226910e-02 5.519424963430042547e-02 7.147820967847022533e-02 9.092542992073615604e-02
-1.440814000073382256e-02 -1.272238159921044824e-02 -1.106645910932535157e-02 -9.438198367715157008e-03 -7.837004506667223647e-03 -6.260905099283337397e-03 -4.704819687774855139e-03 -3.170174687335038273e-03 -1.656069819183010518e-03 -3.246098288955716013e-04 3.480102365987281822e-03 8.243569532484843615e-03 1.417827443117155618e-02 2.153540608604709999e-02 3.060493535331603940e-02 4.171697927358961056e-02 5.523244624028986194e-02 7.152993555993029939e-02 9.098172028929200905e-02
-1.528005458651210229e-02 -1.355447565478291698e-02 -1.185978962476168935e-02 -1.019553496598054297e-02 -8.557997042725628070e-03 -6.946852382540499166e-03 -5.356938978965574728e-03 -3.790374071969493299e-03 -2.243261284496987900e-03 -8.850026662745594718e-04 2.993877547089657254e-03 7.842624393299073293e-03 1.387159575981191696e-02 2.132593659411099324e-02 3.048683794755840948e-02 4.167635779171353222e-02 5.524763257460121174e-02 7.157837594626918765e-02 9.104533904891104479e-02
-1.654863502574238296e-02 -1.477657991419042277e-02 -1.303849492545865532e-02 -1.133025302506254772e-02 -9.650504820911707388e-03 -7.996696735222613012e-03 -6.367465435022857251e-03 -4.760639570409281110e-03 -3.175569675188140255e-03 -1.783964602175279988e-03 2.188381844610440708e-03 7.147962793497371001e-03 1.330474355566228957e-02 2.089855610847242071e-02 3.020156481740782564e-02 4.152179520653887651e-02 5.519813459099325720e-02 7.160013384254729218e-02 9.110733082053598664e-02
-1.831707567243841608e-02 -1.649517432984231105e-02 -1.470660367162673551e-02 -1.295013456139996154e-02 -1.122273069174663240e-02 -9.521848582014238310e-03 -7.846262786701805811e-03 -6.194251423144556297e-03 -4.565136705019969508e-03 -3.134873689220818264e-03 9.472842805762533716e-04 6.039656900643591841e-03 1.235518746585545675e-02 2.013172986705049836e-02 2.963431779621924014e-02 4.115426474789330574e-02 5.500907678459646816e-02 7.154857739068064271e-02 9.114164252737251559e-02
-2.068805310914313342e-02 -1.881042975032482314e-02 -1.696986814234907603e-02 -1.515969606226307692e-02 -1.338112872140583519e-02 -1.162910323783427138e-02 -9.903549866744217403e-03 -8.202774309334406530e-03 -6.525591634572842047e-03 -5.051682005103106353e-03 -8.492397147433836243e-04 4.392981636498271419e-03 1.089160184599821148e-02 1.888720029685592508e-02 2.864206719658933878e-02 4.043457610242418010e-02 5.455936709288754238e-02 7.133230133525940431e-02 9.109590082434308733e-02
-2.375319195319908899e-02 -2.181762699131028008e-02 -1.991908481029771097e-02 -1.805457164789206828e-02 -1.622063474372610267e-02 -1.441602963347457522e-02 -1.263821904867885697e-02 -1.088626946998774020e-02 -9.156609266990984458e-03 -7.639720196405101402e-03 -3.309474208368483675e-03 2.092230222796850891e-03 8.787505120185593391e-03 1.702382562052655660e-02 2.706870915023273233e-02 3.919665491255858863e-02 5.368344149811864197e-02 7.080862405738748422e-02 9.086517056646664647e-02
-2.759021298348802650e-02 -2.559312378543027525e-02 -2.363406878226474370e-02 -2.171154866546640833e-02 -1.982070939836850718e-02 -1.796045037763974520e-02 -1.612814921338016558e-02 -1.432238884753709446e-02 -1.254141980503535592e-02 -1.097796668726120674e-02 -6.518507776716768801e-03 -9.555696153417261125e-04 5.940278032749871616e-03 1.442568488547851108e-02 2.477648461094562882e-02 3.727533454220672421e-02 5.219544935699368948e-02 6.978592696256696870e-02 9.028513858726254504e-02
-3.226616721534210364e-02 -3.019952282250876544e-02 -2.817504686337566136e-02 -2.618872067859909572e-02 -2.423774290169564485e-02 -2.231858555108906517e-02 -2.042956317666371618e-02 -1.856898186816294954e-02 -1.673394649389663841e-02 -1.512330476579151414e-02 -1.053251334497360553e-02 -4.808925178148690596e-03 2.285718198991371509e-03 1.101496106195617476e-02 2.166912368867299210e-02 3.454457090499634536e-02 4.992422101959163167e-02 6.805562171021650730e-02 8.913641610878551835e-02
-3.784516563856544363e-02 -3.569820188591937837e-02 -3.359674502927401107e-02 -3.153864303663975188e-02 -2.951863999855876969e-02 -2.753404494281902135e-02 -2.558281327979444394e-02 -2.366111329899939567e-02 -2.176869774508264146e-02 -2.010900935379065016e-02 -1.538051030373247148e-02 -9.492845191293603976e-03 -2.203351322779400958e-03 6.762118755094462773e-03 1.770384231610805381e-02 3.093466042097759577e-02 4.676199590136329021e-02 6.544927230614441815e-02 8.719007735564003603e-02
