9.806007481310107323e+03 9.806007481310107323e+03 9.806007481310107323e+03 9.806007481310107323e+03 9.806007481310107323e+03 9.806007481310107323e+03 9.806007481310107323e+03 9.806007481310107323e+03 9.806007481310107323e+03 9.806007481310107323e+03 9.806007481310107323e+03 9.806007481310107323e+03 9.806007481310107323e+03 9.806007481310107323e+03 9.806007481310107323e+03 9.806007481310107323e+03 9.806007481310107323e+03 9.806007481310107323e+03 9.806007481310107323e+03
4.647907331880581916e-01 4.671402634415954824e-01 4.694505394962101286e-01 4.717230665315605975e-01 4.739610750176129761e-01 4.761716080982903443e-01 4.783528805321958788e-01 4.805096939329862593e-01 4.826424189425040923e-01 4.845200539374768245e-01 4.899033312484661340e-01 4.966791308540954852e-01 5.051738335772816280e-01 5.157801051394815817e-01 5.289441230303691954e-01 5.451719401616732519e-01 5.650148815604459918e-01 5.890400852210704308e-01 6.178130039260193440e-01
2.902406091506053998e-01 2.923352624867022742e-01 2.943923510954781220e-01 2.964158152941196445e-01 2.984090898643407819e-01 3.003747013839230262e-01 3.023144011206036486e-01 3.042315195841705511e-01 3.061263297883019541e-01 3.077937513943652670e-01 3.125711262759446885e-01 3.185775658256360665e-01 3.260992228203079546e-01 3.354798953227751124e-01 3.471115076133665656e-01 3.614399329654890414e-01 3.789440441617989430e-01 4.001239210358973342e-01 4.254723568409299883e-01
1.984948208745788145e-01 2.004551008746546237e-01 2.023821271218176343e-01 2.042755971089890987e-01 2.061416645542251957e-01 2.079808377411611897e-01 2.097956765127191314e-01 2.115881772055816235e-01 2.133595969000859072e-01 2.149184392758241302e-01 2.193818757932279873e-01 2.249894455109916203e-01 2.320067226686991502e-01 2.407508069183836585e-01 2.515849639517063197e-01 2.649215926896891782e-01 2.812066816034903827e-01 3.009010297089412811e-01 3.244595026472886778e-01
1.376826471671813712e-01 1.395559153027789157e-01 1.413952813654701657e-01 1.432040487314799049e-01 1.449850200533676636e-01 1.467410920486431347e-01 1.484734752445401040e-01 1.501842839115002382e-01 1.518743458437406268e-01 1.533619454771852908e-01 1.576191442093132500e-01 1.629651974908008505e-01 1.696513600055481463e-01 1.779750455738098314e-01 1.882851020089912897e-01 2.009680412113676040e-01 2.164482216038377815e-01 2.351609926587651667e-01 2.575383172481277017e-01
9.284392979788050337e-02 9.465346799507878828e-02 9.642855392515220503e-02 9.817542468984823134e-02 9.989367205039499653e-02 1.015887809914409051e-01 1.032609380278442374e-01 1.049107037718527285e-01 1.065417993624325349e-01 1.079775221768387861e-01 1.120837639908323219e-01 1.172374665214173106e-01 1.236803055501725923e-01 1.316981610681840220e-01 1.416231022612754464e-01 1.538266648503286982e-01 1.687146249429387068e-01 1.867053119887203128e-01 2.082138255803389626e-01
5.767208767884291626e-02 5.942951989887021447e-02 6.115525465103520408e-02 6.285126555824309402e-02 6.452305174904716945e-02 6.616955876179397844e-02 6.779431772400201783e-02 6.939840315315280728e-02 7.098317126402454991e-02 7.237645921971713747e-02 7.636460684092370721e-02 8.136889940249193709e-02 8.762283762612628479e-02 9.540085835010486681e-02 1.050240395557850148e-01 1.168532741221704890e-01 1.312782169770236873e-01 1.487062117787222304e-01 1.695316862955011383e-01
2.893334912186524069e-02 3.064927076606165438e-02 3.233433820307831524e-02 3.399116486202305443e-02 3.562235824610220092e-02 3.723004992844550914e-02 3.881604943639156702e-02 4.038089705277995989e-02 4.192838697830862660e-02 4.328840515461374744e-02 4.718021829644933329e-02 5.206353493903007751e-02 5.816298602933465955e-02 6.574663665368492282e-02 7.512454435026373611e-02 8.664835283226295093e-02 1.006969143901579322e-01 1.176638910352122563e-01 1.379360998839866126e-01
4.764536660585991061e-03 6.445467794474839945e-03 8.096176440271456512e-03 9.719756972785353541e-03 1.131751930449544259e-02 1.289236673245537472e-02 1.444595777950383360e-02 1.597979843132509015e-02 1.749412930224543763e-02 1.882703738261092344e-02 2.263782044950005817e-02 2.741911432815113264e-02 3.338911067027783980e-02 4.080978122574902001e-02 4.998301927609716255e-02 6.125060045728257518e-02 7.498199321929500949e-02 9.156313566237982149e-02 1.113683798286183024e-01
-1.383720090607940857e-02 -1.218264857690305042e-02 -1.055810777340986974e-02 -8.961122850895380382e-03 -7.388562305609735863e-03 -5.840169349398882312e-03 -4.311278229372141058e-03 -2.801350346570693779e-03 -1.310546458270486552e-03 0.000000000000000000e+00 3.748539863124380946e-03 8.451905630903892505e-03 1.432266265609529431e-02 2.161824743481008046e-02 3.063403287952129461e-02 4.170516404177226910e-02 5.519424963430042547e-02 7.147820967847022533e-02 9.092542992073615604e-02
-5.731725294810151305e-02 -5.572520093989372092e-02 -5.416229573854065144e-02 -5.262577230292272978e-02 -5.111319124767550043e-02 -4.962218305972248417e-02 -4.815164764773511435e-02 -4.670015221892698937e-02 -4.526659831018912256e-02 -4.400583157588887351e-02 -4.040053788697860193e-02 -3.588096560071218910e-02 -3.024122232984208930e-02 -2.323641793098348354e-02 -1.458660470874216346e-02 -3.973031610317889241e-03 8.949588623995049716e-03 2.454155992592927521e-02 4.315384173366115100e-02
-9.844707314691931999e-02 -9.691586099267873733e-02 -9.541106076152221227e-02 -9.393195701265108499e-02 -9.247492146385968836e-02 -9.103960594623888847e-02 -8.962391762975012444e-02 -8.822695514438387565e-02 -8.684640681010105667e-02 -8.563355215526104181e-02 -8.216404735980452345e-02 -7.781626831210682049e-02 -7.239267572348326296e-02 -6.566216479272143913e-02 -5.735623307156730022e-02 -4.717262877437911062e-02 -3.478203437120314101e-02 -1.984222609978373783e-02 -2.019039979121876709e-03
-1.372712351301951239e-01 -1.357950137540885061e-01 -1.343452860147591466e-01 -1.329200175638328985e-01 -1.315175802270713012e-01 -1.301339964572294228e-01 -1.287700310335901099e-01 -1.274247644650416400e-01 -1.260944088525321749e-01 -1.249259380221921928e-01 -1.215843150616367774e-01 -1.173978133340149027e-01 -1.121788311880297789e-01 -1.057041063941620423e-01 -9.772048418523381075e-02 -8.794022524473260605e-02 -7.605002439457078656e-02 -6.172253255816032708e-02 -4.463945016120178522e-02
-1.738162147110459965e-01 -1.723922798809115198e-01 -1.709945147993696957e-01 -1.696203600960384805e-01 -1.682674463013170418e-01 -1.669337584065741509e-01 -1.656178852351925246e-01 -1.643200793198869025e-01 -1.630385107951218826e-01 -1.619119188396127285e-01 -1.586905048850507371e-01 -1.546552751063113018e-01 -1.496264281675229735e-01 -1.433917540642111188e-01 -1.357097521518036698e-01 -1.263065654875154264e-01 -1.148837696914361550e-01 -1.011306488456391456e-01 -8.474289115114951032e-02
-2.080937509054018586e-01 -2.067197003585755088e-01 -2.053704351921465387e-01 -2.040437618151917654e-01 -2.027373099775747201e-01 -2.014498013465990944e-01 -2.001803877699302736e-01 -1.989275499179411211e-01 -1.976900965824208434e-01 -1.966024331010217674e-01 -1.934934124458846105e-01 -1.895998106006052952e-01 -1.847489145452908543e-01 -1.787388340424519440e-01 -1.713377188089539871e-01 -1.622858107257391658e-01 -1.512991716409739507e-01 -1.380819377548784255e-01 -1.223432397773325381e-01
-2.401029235231426917e-01 -2.387753547220242967e-01 -2.374713101236605728e-01 -2.361892762772446197e-01 -2.349270545345458483e-01 -2.336820326175327589e-01 -2.324551821706702104e-01 -2.312445101894129162e-01 -2.300482974536167402e-01 -2.289976103703984245e-01 -2.259928213526950225e-01 -2.222312253705175100e-01 -2.175464355108745751e-01 -2.117447090927544462e-01 -2.046040653481302485e-01 -1.958780714942646994e-01 -1.852966490911855668e-01 -1.725772659299768252e-01 -1.574427220068747579e-01
-2.698304736053150354e-01 -2.685452636970843132e-01 -2.672827184990279048e-01 -2.660416576222593976e-01 -2.648197092730421587e-01 -2.636156193953271831e-01 -2.624280960690864584e-01 -2.612567648565283229e-01 -2.600988013001595545e-01 -2.590817916306743518e-01 -2.561744286740187948e-01 -2.525352856287472192e-01 -2.480036293416775228e-01 -2.423940895728226019e-01 -2.354952653125328699e-01 -2.270704481368926442e-01 -2.168635653100225436e-01 -2.046043425183278475e-01 -1.900281467396972290e-01
-2.972514616955421185e-01 -2.960057192296998707e-01 -2.947824569141118123e-01 -2.935794233462963865e-01 -2.923948747893417854e-01 -2.912276068115353667e-01 -2.900769499497906634e-01 -2.889405703221731292e-01 -2.878189991616648125e-01 -2.868328739168900521e-01 -2.840153347628615599e-01 -2.804891304941209418e-01 -2.760988980339214582e-01 -2.706665210704713442e-01 -2.639891297297846662e-01 -2.558408368089507556e-01 -2.459765274050993433e-01 -2.341406131856082484e-01 -2.200785847340460677e-01
-3.223433527251870490e-01 -3.211342699892282271e-01 -3.199458286637327786e-01 -3.187772860694353949e-01 -3.176272661802549968e-01 -3.164937120482913535e-01 -3.153761198757805695e-01 -3.142729481530420199e-01 -3.131836880247515498e-01 -3.122265631804215791e-01 -3.094909242394412452e-01 -3.060675858921511061e-01 -3.018067854062566613e-01 -2.965367975545536994e-01 -2.900610622604538058e-01 -2.821650873127967141e-01 -2.726137114739393130e-01 -2.611628212279414329e-01 -2.475706340422584029e-01
