4.716108043147866913e-01 4.712131602705541544e-01 4.708149633943164991e-01 4.704184534892508207e-01 4.700214970589922103e-01 4.696240645460011409e-01 4.692280006877870835e-01 4.688316083455245087e-01 4.684352717357672113e-01 4.680833001669853499e-01 4.670580737441561991e-01 4.657356741700804936e-01 4.640318158589126774e-01 4.618375605800839057e-01 4.590140900149773939e-01 4.553871817863417992e-01 4.507375969737165144e-01 4.447954787920425090e-01 4.372379023791352903e-01
4.066466365263060601e-01 4.062989548523531780e-01 4.059517441722600428e-01 4.056036259226964424e-01 4.052571548743356677e-01 4.049092787725262488e-01 4.045630021906128637e-01 4.042156342221399634e-01 4.038696130618797397e-01 4.035616181001984160e-01 4.026642913287247771e-01 4.015066806956372747e-01 4.000147995309034088e-01 3.980921647900730331e-01 3.956168618769838052e-01 3.924351348187876121e-01 3.883508398973014586e-01 3.831251594121181103e-01 3.764673889687893404e-01
3.066059727305283644e-01 3.063215029888938234e-01 3.060383500466027362e-01 3.057548836117477964e-01 3.054713353669822329e-01 3.051878546753073462e-01 3.049046938559887843e-01 3.046211702039003932e-01 3.043377351424178534e-01 3.040865674087204207e-01 3.033544597079183003e-01 3.024093361115224310e-01 3.011912529045182030e-01 2.996216212248586919e-01 2.976008756853238402e-01 2.950026970005656946e-01 2.916684434702507267e-01 2.874006126025804853e-01 2.819630085040807366e-01
2.296274724631111597e-01 2.293732031931076942e-01 2.291198228401203352e-01 2.288653972399860848e-01 2.286127601992661573e-01 2.283585073702845691e-01 2.281052233109768790e-01 2.278530787485495701e-01 2.276002105527378805e-01 2.273750400251286774e-01 2.267201938764439040e-01 2.258750790777320216e-01 2.247863199209944041e-01 2.233835161217927190e-01 2.215772981582392609e-01 2.192567458688370885e-01 2.162785459552883649e-01 2.124700497784535735e-01 2.076190092328113190e-01
1.707731750136294580e-01 1.705393044503442090e-01 1.703053423645462250e-01 1.700706862056852453e-01 1.698373660346199632e-01 1.696045002431820492e-01 1.693711019287852115e-01 1.691377454897330934e-01 1.689045074483742359e-01 1.686972146476169720e-01 1.680929267650402292e-01 1.673144439207819023e-01 1.663106782732073075e-01 1.650184919492685698e-01 1.633535919923275181e-01 1.612150382808342775e-01 1.584697432595531530e-01 1.549593281878371143e-01 1.504880839990011265e-01
1.236997846934282802e-01 1.234806820629433949e-01 1.232615725516595234e-01 1.230427775269548329e-01 1.228231507317838478e-01 1.226050379451262690e-01 1.223857945819525339e-01 1.221680623620566286e-01 1.219494631054152817e-01 1.217546989383295614e-01 1.211898925191042808e-01 1.204609722739994337e-01 1.195210404124345122e-01 1.183099076179568859e-01 1.167509606844996384e-01 1.147469212351389239e-01 1.121759971170103315e-01 1.088866529478706713e-01 1.046973324647301196e-01
8.485096231908484388e-02 8.464335373832716780e-02 8.443598570856042373e-02 8.422826964627426471e-02 8.402026078595047076e-02 8.381372244541115957e-02 8.360644974354064507e-02 8.339942835212649230e-02 8.319177854638597214e-02 8.300827670265024938e-02 8.247159765122447084e-02 8.178062882230791031e-02 8.089027960980368914e-02 7.974210662833906837e-02 7.826367915145776566e-02 7.636537782529791152e-02 7.392780022025195741e-02 7.081066923225763643e-02 6.683997383965256667e-02
5.203035727181632569e-02 5.183107235403511259e-02 5.163322324861945034e-02 5.143470583801126872e-02 5.123601660346027015e-02 5.103776489507420161e-02 5.083951352577673055e-02 5.064080913103904957e-02 5.044277354159005383e-02 5.026739170977428256e-02 4.975490412669839740e-02 4.909288334573843476e-02 4.824075988375425145e-02 4.714326866751910455e-02 4.572973727826613877e-02 4.391276266664408123e-02 4.158203140414500065e-02 3.859982085020894488e-02 3.480261156307325188e-02
2.377216393003041273e-02 2.358060472545051023e-02 2.338938264483025192e-02 2.319825039254533663e-02 2.300691618477489903e-02 2.281597276839023719e-02 2.262485742049917536e-02 2.243436428610556116e-02 2.224331669271623763e-02 2.207375670927309158e-02 2.158007466760091322e-02 2.094185024942674458e-02 2.012147820463986575e-02 1.906428632921519997e-02 1.770226234467233914e-02 1.595272286330541925e-02 1.370797862002020792e-02 1.083500609950572256e-02 7.179252661794933640e-03
1.650190207536239659e-03 1.464287048079858985e-03 1.278284411978502719e-03 1.092650187773248687e-03 9.068244139418099505e-04 7.210113061908221804e-04 5.349613122330813255e-04 3.500365519718263941e-04 1.647587396230222622e-04 0.000000000000000000e+00 -4.801057187521447548e-04 -1.098456876615858720e-03 -1.897072662519918565e-03 -2.924130264785995258e-03 -4.246677037924299035e-03 -5.947107940016848303e-03 -8.127809733065146508e-03 -1.091724407220335570e-02 -1.446943151400982737e-02
-5.126664213812911347e-02 -5.144057881804130206e-02 -5.161413292019664811e-02 -5.178803650370215894e-02 -5.196144423408454588e-02 -5.213501818686120531e-02 -5.230849685829374457e-02 -5.248151428926856044e-02 -5.265526703499274347e-02 -5.280967014154324540e-02 -5.325765433422863238e-02 -5.383576071394461510e-02 -5.458129151771558274e-02 -5.554173025399155444e-02 -5.677852732385824108e-02 -5.836552568799888846e-02 -6.040271304381761991e-02 -6.300789833041964272e-02 -6.632422827995312908e-02
-1.030052822056041761e-01 -1.031678577593201085e-01 -1.033302981980962071e-01 -1.034927825337581681e-01 -1.036551717237414738e-01 -1.038176196135146279e-01 -1.039799958855754797e-01 -1.041420219898163829e-01 -1.043042832078911186e-01 -1.044483119705974516e-01 -1.048677344482164264e-01 -1.054090139060674808e-01 -1.061064719363999376e-01 -1.070045226871662453e-01 -1.081608280057194532e-01 -1.096461822008351628e-01 -1.115513573432134475e-01 -1.139873305746849086e-01 -1.170878823518633483e-01
-1.537637550133908459e-01 -1.539150825048212490e-01 -1.540670992699754438e-01 -1.542190340556355288e-01 -1.543706970594653227e-01 -1.545224002809281461e-01 -1.546739033388354889e-01 -1.548253707535786339e-01 -1.549770049508553960e-01 -1.551114682910826326e-01 -1.555035681224565258e-01 -1.560088971517520073e-01 -1.566605407173693176e-01 -1.574996564888715700e-01 -1.585796148535940919e-01 -1.599671659030191817e-01 -1.617466485081917593e-01 -1.640213546349185147e-01 -1.669164887664902064e-01
-2.039361069937609128e-01 -2.040775910972219553e-01 -2.042194558626679868e-01 -2.043606075842420711e-01 -2.045018930013593195e-01 -2.046429508354875582e-01 -2.047842917692793974e-01 -2.049258357260420882e-01 -2.050665208869013045e-01 -2.051918097579112088e-01 -2.055571412168497869e-01 -2.060282636078610563e-01 -2.066338900731832517e-01 -2.074157440383553319e-01 -2.084214240954863073e-01 -2.097118647984733408e-01 -2.113683498435544039e-01 -2.134854941760961911e-01 -2.161792612749270093e-01
-2.540662558590918718e-01 -2.541969737820697350e-01 -2.543277126009250710e-01 -2.544586943316441974e-01 -2.545897039416609720e-01 -2.547205990534417985e-01 -2.548512643510316145e-01 -2.549818980604673935e-01 -2.551124856471578828e-01 -2.552287681477631853e-01 -2.555673274211971435e-01 -2.560028133258370198e-01 -2.565647506559360358e-01 -2.572884531048023615e-01 -2.582195874560897497e-01 -2.594157037735486115e-01 -2.609494430906788565e-01 -2.629098438719565389e-01 -2.654033367939021004e-01
-3.048492769927702573e-01 -3.049700917335750328e-01 -3.050907131118084092e-01 -3.052111413927940387e-01 -3.053317816541888385e-01 -3.054522331204314045e-01 -3.055723418933158908e-01 -3.056928560706964615e-01 -3.058130753167300764e-01 -3.059198522481990090e-01 -3.062315740019598831e-01 -3.066322350795334106e-01 -3.071493326534022184e-01 -3.078148261605720970e-01 -3.086716907068595139e-01 -3.097719388073522651e-01 -3.111823389359866243e-01 -3.129848335689105476e-01 -3.152768312136475792e-01
-3.571798211215083674e-01 -3.572895754532689483e-01 -3.574000485625515866e-01 -3.575097016030601149e-01 -3.576196584687663660e-01 -3.577297291709415350e-01 -3.578394344743502931e-01 -3.579492836298375225e-01 -3.580587735270938099e-01 -3.581564537011855953e-01 -3.584401967210069651e-01 -3.588068465485915737e-01 -3.592778309076737897e-01 -3.598861033223291206e-01 -3.606665135522652554e-01 -3.616697365249278984e-01 -3.629554607772231267e-01 -3.645976972899130919e-01 -3.666850475524178754e-01
-4.121449843058841433e-01 -4.122444601563080013e-01 -4.123439467257710156e-01 -4.124432796878364504e-01 -4.125427164423074444e-01 -4.126423106255481255e-01 -4.127410742318627923e-01 -4.128404069286168987e-01 -4.129393859535230304e-01 -4.130271533134796114e-01 -4.132835570924970892e-01 -4.136139201525557141e-01 -4.140398379462544298e-01 -4.145875038580103533e-01 -4.152925679089275457e-01 -4.161981057080280655e-01 -4.173563406439245727e-01 -4.188358609043500991e-01 -4.207151232627786563e-01
-4.708642078089562144e-01 -4.709530211874440320e-01 -4.710413834865132543e-01 -4.711301416140731280e-01 -4.712187861866457550e-01 -4.713073631374414818e-01 -4.713962126987494283e-01 -4.714838357754585485e-01 -4.715726786481424515e-01 -4.716509317961650738e-01 -4.718796084873326802e-01 -4.721739525556155614e-01 -4.725532468874117931e-01 -4.730415599111816860e-01 -4.736690097488580609e-01 -4.744741982919388201e-01 -4.755050820386332311e-01 -4.768211065393353487e-01 -4.784877030401166742e-01
