9.806007481310107323e+03 9.806007481310107323e+03 9.806007481310107323e+03 9.806007481310107323e+03 9.806007481310107323e+03 9.806007481310107323e+03 9.806007481310107323e+03 9.806007481310107323e+03 9.806007481310107323e+03 9.806007481310107323e+03 9.806007481310107323e+03 9.806007481310107323e+03 9.806007481310107323e+03 9.806007481310107323e+03 9.806007481310107323e+03 9.806007481310107323e+03 9.806007481310107323e+03 9.806007481310107323e+03 9.806007481310107323e+03
1.402550373754626101e+00 1.229683829109413651e+00 1.022150739095435412e+00 8.793036198253860736e-01 7.736769447097628927e-01 6.913096769265680841e-01 6.246298831913106309e-01 5.690286535680837421e-01 5.215393699803869687e-01 4.845200539374768245e-01 3.961369430445513817e-01 3.093904497909345519e-01 2.234325847060898429e-01 1.372037957275439313e-01 4.945021545255782330e-02 -4.124434516443931803e-02 -1.362260302379616761e-01 -2.361346634326647043e-01 -3.398584476952160593e-01
1.042722889143405274e+00 9.172851604943242920e-01 7.534940456698381306e-01 6.371885865284099282e-01 5.501646831669244619e-01 4.816528230499109164e-01 4.258129944797694466e-01 3.790554370810578777e-01 3.390262486280883891e-01 3.077937513943652670e-01 2.332221203459518000e-01 1.601768413794577017e-01 8.807035441034388734e-02 1.610780375799135411e-02 -5.669323096643580362e-02 -1.315264767334090035e-01 -2.097209957481604714e-01 -2.924413139511683468e-01 -3.798848628785450043e-01
8.632387292841949833e-01 7.586701377929725432e-01 6.156458360117600392e-01 5.120621890646608332e-01 4.340861390773803064e-01 3.724005575933829748e-01 3.219427419647608035e-01 2.795857262838780111e-01 2.432743263673934064e-01 2.149184392758241302e-01 1.472017744757699864e-01 8.092981962165643472e-02 1.564184300078317116e-02 -4.932665001799264870e-02 -1.148198000819501269e-01 -1.818827758195147581e-01 -2.517534027561861287e-01 -3.256808059866915794e-01 -4.043388236272865144e-01
7.473635388318456974e-01 6.553575896174107518e-01 5.254002544112948980e-01 4.298518913597739743e-01 3.576284406582935227e-01 3.003118226945518110e-01 2.533106564962043783e-01 2.137875768170660606e-01 1.798662031087119584e-01 1.533619454771852908e-01 9.004687850547932193e-02 2.811157427441102544e-02 -3.282602747973641794e-02 -9.334913434582803315e-02 -1.542067122036575588e-01 -2.163484273014033565e-01 -2.809245174333855899e-01 -3.491831496910033916e-01 -4.220153964422730386e-01
6.633742437320724328e-01 5.800430736687498534e-01 4.593992536352269340e-01 3.695926371398064458e-01 3.014900187076731131e-01 2.473194502271517103e-01 2.028127672129544645e-01 1.653371529392943518e-01 1.331445618256755781e-01 1.079775221768387861e-01 4.783887867559676738e-02 -1.097600384749755631e-02 -6.878958092630987897e-02 -1.261279819301425187e-01 -1.836767408042918603e-01 -2.423084035545105264e-01 -3.031028429322639162e-01 -3.672814341799467419e-01 -4.358480231292025664e-01
5.983000752893540275e-01 5.214476318882271810e-01 4.079295734344855484e-01 3.225254142146350977e-01 2.575886496477993171e-01 2.058409110719842672e-01 1.632592277057975383e-01 1.273667149538699750e-01 9.650973442389794432e-02 7.237645921971713747e-02 1.468920441131693275e-02 -4.172165478867149307e-02 -9.713394981062996314e-02 -1.520298679413432941e-01 -2.070465504154728742e-01 -2.629962567078332758e-01 -3.208999711058550530e-01 -3.819435983000865065e-01 -4.471935335881724871e-01
5.456389226205223819e-01 4.738747742569194843e-01 3.660700938520901060e-01 2.841985706540942624e-01 2.218060137200788540e-01 1.720087524828530223e-01 1.309822126923026742e-01 9.636589221256247617e-02 6.658697154760105652e-02 4.328840515461374744e-02 -1.242126732693419819e-02 -6.689613175905283204e-02 -1.203783540974717875e-01 -1.733151268703245762e-01 -2.263032198200927714e-01 -2.801083776744469067e-01 -3.356996546290282879e-01 -3.942297198654152734e-01 -4.567955161440374612e-01
5.016959364867265014e-01 4.340719079571210837e-01 3.309983286478137554e-01 2.520577321799152837e-01 1.917739318349988564e-01 1.435974429627266680e-01 1.038637589885899881e-01 7.031086029498834211e-02 4.143120014179671462e-02 1.882703738261092344e-02 -3.523770757565541228e-02 -8.810274277733659565e-02 -1.399851052617210878e-01 -1.912990380214368014e-01 -2.426094201196362654e-01 -2.946434065508813926e-01 -3.483265856917599490e-01 -4.047764871261548270e-01 -4.651059949061779886e-01
4.680833001669853499e-01 4.035616181001984160e-01 3.040865674087204207e-01 2.273750400251286774e-01 1.686972146476169720e-01 1.217546989383295614e-01 8.300827670265024938e-02 5.026739170977428256e-02 2.207375670927309158e-02 0.000000000000000000e+00 -5.280967014154324540e-02 -1.044483119705974516e-01 -1.551114682910826326e-01 -2.051918097579112088e-01 -2.552287681477631853e-01 -3.059198522481990090e-01 -3.581564537011855953e-01 -4.130271533134796114e-01 -4.716509317961650738e-01
3.902048290138165898e-01 3.326549304080727021e-01 2.414492688932344533e-01 1.698671396353256535e-01 1.148817634091654216e-01 7.078623761723758234e-02 3.431606795265088744e-02 3.451005896718219688e-03 -2.315883089183655430e-02 -4.400583157588887351e-02 -9.391629963261982628e-02 -1.427294406823091943e-01 -1.905890396330789105e-01 -2.378372182759029285e-01 -2.849567215559276612e-01 -3.325774852467992537e-01 -3.815092473485879321e-01 -4.327673459835696956e-01 -4.874615799235029190e-01
3.173950733756581988e-01 2.660844996803535811e-01 1.825291168804593078e-01 1.157042434403092179e-01 6.413461844260702482e-02 2.267940773943725660e-02 -1.167536673782938392e-02 -4.079375854503018706e-02 -6.592616158424854933e-02 -8.563355215526104181e-02 -1.328484374348032071e-01 -1.790385134276502865e-01 -2.243041238659935488e-01 -2.689377218467361996e-01 -3.133728389955059423e-01 -3.581751607794166903e-01 -4.040804088379187364e-01 -4.520253496534316073e-01 -5.030862877692763302e-01
2.494095497150465301e-01 2.036736416078546719e-01 1.271960944254999781e-01 6.478535545987702815e-02 1.637653375097781333e-02 -2.263367871304966528e-02 -5.502312579353087901e-02 -8.251975136330588767e-02 -1.062798217597227951e-01 -1.249259380221921928e-01 -1.696356175010507450e-01 -2.133948553652241509e-01 -2.562609685327742470e-01 -2.984852003060632364e-01 -3.404522275558111710e-01 -3.826713103593653575e-01 -4.258074600678389277e-01 -4.707203022058562558e-01 -5.184373489396567614e-01
1.860522271130228555e-01 1.452835941039460066e-01 7.534809056575844655e-02 1.703655756253323952e-02 -2.845365609028969664e-02 -6.520204699851211982e-02 -9.577176488711541813e-02 -1.217632182334661556e-01 -1.442498001836755583e-01 -1.619119188396127285e-01 -2.042982525300177654e-01 -2.458074648296885156e-01 -2.864584377639466939e-01 -3.264635003833784577e-01 -3.661641881752404348e-01 -4.060178685129381959e-01 -4.466251922426252019e-01 -4.887705852183261701e-01 -5.334226798996324348e-01
1.271716191400380225e-01 9.080987206807923651e-02 2.690776281314910881e-02 -2.759935224054550426e-02 -7.039458823533473186e-02 -1.050567492974544270e-01 -1.339452431213055683e-01 -1.585447646355546691e-01 -1.798522967126101879e-01 -1.966024331010217674e-01 -2.368404703722292448e-01 -2.762713514774792767e-01 -3.148821071976958819e-01 -3.528475395649970925e-01 -3.904707562117755160e-01 -4.281624492601563969e-01 -4.664647243307728508e-01 -5.060909829039268448e-01 -5.479453009141570519e-01
7.265580480686802123e-02 4.018030424292196034e-02 -1.817733797307259300e-02 -6.915463910696961758e-02 -1.094685462299584411e-01 -1.422115572001810269e-01 -1.695520832218707918e-01 -1.928683248005341189e-01 -2.130880472343432142e-01 -2.289976103703984245e-01 -2.672536424492416574e-01 -3.047718248147453513e-01 -3.415075109236885287e-01 -3.776034310063992594e-01 -4.133272657557535146e-01 -4.490477062409740094e-01 -4.852535226843787131e-01 -5.225940292405523158e-01 -5.619074980830430777e-01
2.242594834939980880e-02 -6.647049125197923569e-03 -5.993782508145701488e-02 -1.076482054390757170e-01 -1.456815477175829043e-01 -1.766649883454326220e-01 -2.025851326269965114e-01 -2.247231720706447389e-01 -2.439456275782610761e-01 -2.590817916306743518e-01 -2.955185800969162835e-01 -3.312819461299937318e-01 -3.663014216421616731e-01 -4.006900689760264922e-01 -4.346826007396805691e-01 -4.686115613600869145e-01 -5.029182260916100766e-01 -5.381926260601558321e-01 -5.752094328468198015e-01
-2.357233250701802618e-02 -4.969079092103798057e-02 -9.838552683897842932e-02 -1.430824267618153178e-01 -1.790288270383005031e-01 -2.084058812459673171e-01 -2.330301613792971904e-01 -2.540932704226085970e-01 -2.724021155851633624e-01 -2.868328739168900521e-01 -3.216073835127012948e-01 -3.557697125899395574e-01 -3.892262934241071393e-01 -4.220619872551537588e-01 -4.544841935878807804e-01 -4.867918252930530931e-01 -5.193849538407061539e-01 -5.528007505737281280e-01 -5.877540296792967967e-01
-6.538018384203211908e-02 -8.895768525863673171e-02 -1.335242483588308937e-01 -1.754567316442401381e-01 -2.095007190443129441e-01 -2.374204279405402462e-01 -2.608685541306229871e-01 -2.809552035488045996e-01 -2.984361755514544634e-01 -3.122265631804215791e-01 -3.454919158680930247e-01 -3.782020056458175739e-01 -4.102426862080782999e-01 -4.416752403866540111e-01 -4.726808364990611744e-01 -5.035294549803787101e-01 -5.345852114414126888e-01 -5.663387656942191484e-01 -5.994501205157197754e-01
