3.241453630151763798e-01 3.419750697102411641e-01 3.593345925368656157e-01 3.762489942881238614e-01 3.927424150609440390e-01 4.088412189465846502e-01 4.245660859323714398e-01 4.399386952394085948e-01 4.549787841499565721e-01 4.680833001669853499e-01 5.049777590482996681e-01 5.500581509559649973e-01 6.046435356758675939e-01 6.701391270953470647e-01 7.480454878699273058e-01 8.399731641025871554e-01 9.477042040785768062e-01 1.073272311233345766e+00 1.219103287210555386e+00
2.721836481020510345e-01 2.885736783929104821e-01 3.044996611805513287e-01 3.199878780622261720e-01 3.350633310830692935e-01 3.497495109728623874e-01 3.640693843587241019e-01 3.780425580291275622e-01 3.916904879278342300e-01 4.035616181001984160e-01 4.368876091549053209e-01 4.774150890395336688e-01 5.262186027203550331e-01 5.844150818669713310e-01 6.531920286107161244e-01 7.338576036357976617e-01 8.279333076442283446e-01 9.372775353385168762e-01 1.064207289712069571e+00
1.914413281356220353e-01 2.055809690539954493e-01 2.192914562382800858e-01 2.326001356978515677e-01 2.455333226821695414e-01 2.581143546624355967e-01 2.703653702953022764e-01 2.823073885582336184e-01 2.939586311930459939e-01 3.040865674087204207e-01 3.324888757409779072e-01 3.669911557395983959e-01 4.085198700049781362e-01 4.580628327713753833e-01 5.166817954785849487e-01 5.855372825695611683e-01 6.659245822579773488e-01 7.593263322986033570e-01 8.674686589340673271e-01
1.252934523917005050e-01 1.380930730775924153e-01 1.505104444713375733e-01 1.625667760907436588e-01 1.742860014105249988e-01 1.856878501099536727e-01 1.967942339824669262e-01 2.076231695336964722e-01 2.181896382811039647e-01 2.273750400251286774e-01 2.531348124919863274e-01 2.844254433012151639e-01 3.220675923493851456e-01 3.669221961868203152e-01 4.198923170040163022e-01 4.819389774040329644e-01 5.541138027364509444e-01 6.376197905897329488e-01 7.338999873885415637e-01
7.374367121286917737e-02 8.565771225012157319e-02 9.721439485002553171e-02 1.084337316607792978e-01 1.193369766495504802e-01 1.299435294936231722e-01 1.402725136516177751e-01 1.503401936995025223e-01 1.601618903681431283e-01 1.686972146476169720e-01 1.926231372907281636e-01 2.216575088496341162e-01 2.565453612909198156e-01 2.980557850013764720e-01 3.469944149482270257e-01 4.042181859184086345e-01 4.706957964962998897e-01 5.475765561038726803e-01 6.362920125157243145e-01
3.220042772500921607e-02 4.344770579950699846e-02 5.435292744094367967e-02 6.493928989123581852e-02 7.522371944450025050e-02 8.522812515471495098e-02 9.496625325328329759e-02 1.044567351886250550e-01 1.137124985799538301e-01 1.217546989383295614e-01 1.442906785026689676e-01 1.716216392805295365e-01 2.044404970960395640e-01 2.434660343805787053e-01 2.894550801045787103e-01 3.432363841652025238e-01 4.057658886650685748e-01 4.781928026193150161e-01 5.619263544300833191e-01
-2.286296678960723309e-03 8.430645558380588794e-03 1.882241370068318820e-02 2.890653192688832571e-02 3.870327655338114820e-02 4.822991374461792213e-02 5.750400474406817952e-02 6.653965103575348872e-02 7.535228222999520997e-02 8.300827670265024938e-02 1.044572575346002091e-01 1.304655490062658074e-01 1.616945987994995448e-01 1.988330877827743925e-01 2.426201277774481246e-01 2.938744316570248705e-01 3.535412623338482496e-01 4.227529490225068742e-01 5.028624309464184705e-01
-3.157344291198504321e-02 -2.128836286401268943e-02 -1.131785227843588003e-02 -1.641313929029586697e-03 7.760109379337546028e-03 1.690055424346783089e-02 2.579859153386358794e-02 3.446756222176006190e-02 4.292130275945360562e-02 5.026739170977428256e-02 7.084644358965044852e-02 9.580219268463796567e-02 1.257762670728332643e-01 1.614399715536941060e-01 2.035194985364510156e-01 2.528214925944287650e-01 3.102789720306017296e-01 3.769848034665199688e-01 4.542417543087480247e-01
-5.690195481260988675e-02 -4.697788731080672353e-02 -3.735634375192344730e-02 -2.801915103718103511e-02 -1.894888775113130058e-02 -1.012839407258224467e-02 -1.541507588982690214e-03 6.824631146594542334e-03 1.498442742006896901e-02 2.207375670927309158e-02 4.193815256654151447e-02 6.603425125388025230e-02 9.498754612385768015e-02 1.294563152231494041e-01 1.701552719623171395e-01 2.178775610047023192e-01 2.735325631727496543e-01 3.381826909063185282e-01 4.130839481094898957e-01
-7.679969070249652308e-02 -6.715113384808299446e-02 -5.779616363824309488e-02 -4.871725766870208668e-02 -3.989717026789371679e-02 -3.131952269562995189e-02 -2.296915497901700839e-02 -1.483223047604126377e-02 -6.896734768229230081e-03 0.000000000000000000e+00 1.932483539950251988e-02 4.277586270698120752e-02 7.096179199506505442e-02 1.045341914017885732e-01 1.441959557321409457e-01 1.907266686747339235e-01 2.450163794478130985e-01 3.081021465751827004e-01 3.812080302295671186e-01
-1.246081573952838306e-01 -1.155956965919009843e-01 -1.068562218569325817e-01 -9.837344969126315952e-02 -9.012841257663366246e-02 -8.210908563846706920e-02 -7.430099018097537089e-02 -6.668930460244761049e-02 -5.926344085369379677e-02 -5.280967014154324540e-02 -3.471333578864668062e-02 -1.273862435748933548e-02 1.369896737129484149e-02 4.522188771723722328e-02 8.250266659142935222e-02 1.262859779101615232e-01 1.774160397906417719e-01 2.368765771821714217e-01 3.058203539066797205e-01
-1.715581558487136726e-01 -1.631455082534027101e-01 -1.549843532116626232e-01 -1.470590258946992690e-01 -1.393553787267842181e-01 -1.318595600947365665e-01 -1.245569683264404481e-01 -1.174372263999860083e-01 -1.104889698338398923e-01 -1.044483119705974516e-01 -8.750305905066227408e-02 -6.690977478579145099e-02 -4.211247444472804302e-02 -1.251715570635197547e-02 2.251809375964543974e-02 6.370519722166201326e-02 1.118506281330486352e-01 1.678924723644075190e-01 2.329230182502891044e-01
-2.177246144201891165e-01 -2.098882335568844348e-01 -2.022809757385861662e-01 -1.948920107057560414e-01 -1.877056579729537156e-01 -1.807108602859843205e-01 -1.738944273447041999e-01 -1.672463890963166722e-01 -1.607557869405271400e-01 -1.551114682910826326e-01 -1.392699885571384022e-01 -1.200014926289509204e-01 -9.677770512729820529e-02 -6.903011211834131355e-02 -3.614421951123660687e-02 2.567043244206767411e-03 4.787648916056110038e-02 1.006820279745219704e-01 1.620280266182214934e-01
-2.634045534642065478e-01 -2.561313198422866533e-01 -2.490684293073072708e-01 -2.422039745803392097e-01 -2.355255485950925043e-01 -2.290208992137533761e-01 -2.226795876096316906e-01 -2.164921730995225113e-01 -2.104490852566626435e-01 -2.051918097579112088e-01 -1.904262421380829018e-01 -1.724472316346553347e-01 -1.507492898370098589e-01 -1.247886253091882863e-01 -9.396911096746898839e-02 -5.763002145210137372e-02 -1.502130600098467578e-02 3.472138098973178572e-02 9.259930264211176099e-02
-3.090737269228187034e-01 -3.023632773035774823e-01 -2.958425635250672148e-01 -2.894999264797902261e-01 -2.833251470627342616e-01 -2.773073408038000398e-01 -2.714370439676622726e-01 -2.657060230866198913e-01 -2.601042659195766382e-01 -2.552287681477631853e-01 -2.415222982499684035e-01 -2.248074417408526260e-01 -2.046005907358693920e-01 -1.803731602655256339e-01 -1.515474907301279928e-01 -1.174794987953545200e-01 -7.743905288395423747e-02 -3.058810497165909137e-02 2.403834228153556643e-02
-3.553863106974337049e-01 -3.492448954695203112e-01 -3.432702377308534669e-01 -3.374531839483472795e-01 -3.317840229737179514e-01 -3.262538611673322930e-01 -3.208552836431369237e-01 -3.155777374864643936e-01 -3.104163217211289849e-01 -3.059198522481990090e-01 -2.932622250938421438e-01 -2.777921697391186329e-01 -2.590416409204132631e-01 -2.364975778679340168e-01 -2.095927206421819011e-01 -1.776944062120234535e-01 -1.400836463374645346e-01 -9.594707283511537399e-02 -4.434982664044650330e-02
-4.032074596835036329e-01 -3.976459767908614440e-01 -3.922270614583053816e-01 -3.869424113075825566e-01 -3.817844730034498646e-01 -3.767453131400119171e-01 -3.718186725256230618e-01 -3.669970609742664314e-01 -3.622749385397046051e-01 -3.581564537011855953e-01 -3.465383107841354393e-01 -3.322935707366678204e-01 -3.149654059509905957e-01 -2.940487770958723490e-01 -2.689808404265146002e-01 -2.391332222235804661e-01 -2.037986705149824052e-01 -1.621757106883867927e-01 -1.133617175133090627e-01
-4.536248312700280616e-01 -4.486571951087745536e-01 -4.438041219759719103e-01 -4.390601744189977507e-01 -4.344187933908365551e-01 -4.298742875359216065e-01 -4.254214862961505084e-01 -4.210552720316656505e-01 -4.167707259358762739e-01 -4.130271533134796114e-01 -4.024354587813953610e-01 -3.893891987297858348e-01 -3.734372308523425388e-01 -3.540764933930979907e-01 -3.307416452137426632e-01 -3.028034232196863407e-01 -2.695582440020748982e-01 -2.302181335283411123e-01 -1.839062398573928503e-01
-5.077740700595798629e-01 -5.034117402830946553e-01 -4.991339611024371847e-01 -4.949362751816609451e-01 -4.908155821639829663e-01 -4.867672288156181248e-01 -4.827882802832402231e-01 -4.788753920069298009e-01 -4.750240058080493766e-01 -4.716509317961650738e-01 -4.620661659468621729e-01 -4.501826033475110900e-01 -4.355490060036122935e-01 -4.176549610791610578e-01 -3.959292110008563736e-01 -3.697334958945221461e-01 -3.383636627375383177e-01 -3.010421147756197069e-01 -2.569172339309217512e-01
