-1.189657602701003764e-01 -1.043543611158336271e-01 -9.006495008137301028e-02 -7.609691492147487024e-02 -6.244327813119363024e-02 -4.909248661653761725e-02 -3.603227159555365267e-02 -2.324996782861396549e-02 -1.073078821444188591e-02 1.876698903756511463e-04 3.096924319630537867e-02 6.866084302135525008e-02 1.144129993966501307e-01 1.694740211757170267e-01 2.351929834920815643e-01 3.130341646743184381e-01 4.046040685832892336e-01 5.116756789543266404e-01 6.362534234785149900e-01
-1.189166889717425957e-01 -1.043072507449989000e-01 -9.001975129765668604e-02 -7.605341318094124836e-02 -6.240149840939453185e-02 -4.905250478207924536e-02 -3.599419478934023225e-02 -2.321205955838355484e-02 -1.069452765688104143e-02 2.234964729681288031e-04 3.100185604400722619e-02 6.869086647594416228e-02 1.144399361931688064e-01 1.694975045075921838e-01 2.352136536372378406e-01 3.130523536023636644e-01 4.046175114707522558e-01 5.116825627147478794e-01 6.362520923297610986e-01
-1.188716825927054604e-01 -1.042641690332303112e-01 -8.997863488523860642e-02 -7.601460106686935836e-02 -6.236421494015500361e-02 -4.901684609894727679e-02 -3.595915432237938025e-02 -2.317937918315038370e-02 -1.066249851627540726e-02 2.524392097289832851e-04 3.102916204299229277e-02 6.871427978605418319e-02 1.144595052682590708e-01 1.695122827516698794e-01 2.352210589414444608e-01 3.130508537189535256e-01 4.045994195760042600e-01 5.116353656231590330e-01 6.361479243945264983e-01
-1.188349267364351980e-01 -1.042305163752512281e-01 -8.994718663273326698e-02 -7.598488114938403704e-02 -6.233659813440926845e-02 -4.899135942535152999e-02 -3.593584798332628144e-02 -2.315744914343077429e-02 -1.064253557176084858e-02 2.717835932897958145e-04 3.104354840821759928e-02 6.872309864425682480e-02 1.144618427203259181e-01 1.695048138362945933e-01 2.351991835530533870e-01 3.130084265266446786e-01 4.045206010351815040e-01 5.114914940881654104e-01 6.358757664884738814e-01
-1.188114706500283529e-01 -1.042103532445612796e-01 -8.992860793002258046e-02 -7.597019702294564858e-02 -6.232315620423749952e-02 -4.898026715474423920e-02 -3.592722992665770693e-02 -2.315107457732521606e-02 -1.063813954287992983e-02 2.743303309966264674e-04 3.104012623629441928e-02 6.871211402039502369e-02 1.144401930907520820e-01 1.694688941011124050e-01 2.351417187236121420e-01 3.129141744156524463e-01 4.043684335489968751e-01 5.112335638498666235e-01 6.354272538604111009e-01
-1.188029109501736458e-01 -1.042038251209404381e-01 -8.992621670042523496e-02 -7.596948584349264011e-02 -6.232643227259561380e-02 -4.898620374327259525e-02 -3.593600611447403392e-02 -2.316267580517069463e-02 -1.065256067791364204e-02 2.567391100760083359e-04 3.101493776796316465e-02 6.867767372895547395e-02 1.143916758890789753e-01 1.693992740727073565e-01 2.350421744790726075e-01 3.127675130664387959e-01 4.041408385728776920e-01 5.108700849095851870e-01 6.348181227961565698e-01
-1.188101448594037352e-01 -1.042148356836684886e-01 -8.994127210780809845e-02 -7.598670460342535349e-02 -6.234719745001797431e-02 -4.901032643259063681e-02 -3.596347531189672542e-02 -2.319360677174660962e-02 -1.068635659238445154e-02 2.187379186380082629e-04 3.096873555931121957e-02 6.861847075517363281e-02 1.143140387609630909e-01 1.692981539810868574e-01 2.349016906117665504e-01 3.125664150130473273e-01 4.038423436328186233e-01 5.104069100094027478e-01 6.340706120336813134e-01
-1.188338334200443741e-01 -1.042418189571628906e-01 -8.997122582887016884e-02 -7.602160017123031632e-02 -6.238598155997459455e-02 -4.905308901506574143e-02 -3.600976918080704692e-02 -2.324414672666593254e-02 -1.074087020776913481e-02 1.623334433766642599e-04 3.090072716652157714e-02 6.853536538696064495e-02 1.142109157571009614e-01 1.691630626818084182e-01 2.347227377883307486e-01 3.123163354007728598e-01 4.034778138173284456e-01 5.098571990181971492e-01 6.332049253739017169e-01
-1.188727236815791122e-01 -1.042852926157754184e-01 -9.001870173541241804e-02 -7.607366392024443591e-02 -6.244169414624530651e-02 -4.911321629192184901e-02 -3.607466873347469488e-02 -2.331318610219096019e-02 -1.081534322653958900e-02 8.483582411652140038e-05 3.081085317222043846e-02 6.842843011317610580e-02 1.140803719845541325e-01 1.689985728093697237e-01 2.345058642773755198e-01 3.120191925461779370e-01 4.030578281808500640e-01 5.092324115983838384e-01 6.322410060302330326e-01
-1.189201515257751335e-01 -1.043366159252554493e-01 -9.007404851861192108e-02 -7.613273583713484061e-02 -6.250518268130683674e-02 -4.918035737729958140e-02 -3.614689075455447542e-02 -2.338875976915503682e-02 -1.089501699644739550e-02 0.000000000000000000e+00 3.071408597277440131e-02 6.831491452446226964e-02 1.139431130578868051e-01 1.688276016425482029e-01 2.342850348991038223e-01 3.117230637320312359e-01 4.026407556279277267e-01 5.086221513119789650e-01 6.313140247660077309e-01
-1.191195131523208883e-01 -1.045498685392087790e-01 -9.030058352822463441e-02 -7.637217424570091895e-02 -6.275937385826158010e-02 -4.944768981377467565e-02 -3.642754344675101091e-02 -2.368464954780130638e-02 -1.120651250464858341e-02 -3.246098288955716013e-04 3.034904334650327662e-02 6.789442204373603851e-02 1.134443700412823691e-01 1.682167259438667462e-01 2.335092252079453701e-01 3.106994541762272966e-01 4.012351291189852898e-01 5.066121101309515318e-01 6.283188981320613209e-01
-1.194909841044741600e-01 -1.049403358436149514e-01 -9.071187688636585256e-02 -7.680414013334725676e-02 -6.321137205337312714e-02 -4.992194934768833664e-02 -3.692354046762219566e-02 -2.420271215866686559e-02 -1.174616169424786208e-02 -8.850026662745594718e-04 2.972715754603011407e-02 6.718738236098503736e-02 1.126212158280667924e-01 1.672273644804223025e-01 2.322795703675968049e-01 3.091145684142361794e-01 3.991101526520296483e-01 5.036486866459463085e-01 6.240013923404018614e-01
-1.201117759605640628e-01 -1.055909110914966115e-01 -9.139229650240861258e-02 -7.751470990333401978e-02 -6.395280051460174031e-02 -5.069449819092899934e-02 -3.772832142671303512e-02 -2.503909557285203744e-02 -1.261603601442721871e-02 -1.783964602175279988e-03 2.873869096010990901e-02 6.607861427813062349e-02 1.113442951745235998e-01 1.657173338488887593e-01 2.304351232924360948e-01 3.067812440712754940e-01 3.960465466932445722e-01 4.994519892689919249e-01 6.179807772811044542e-01
-1.210697506249640704e-01 -1.065911150937912250e-01 -9.243426412037407391e-02 -7.860113730405453303e-02 -6.508164553425609122e-02 -5.186842368043461521e-02 -3.894586290853713911e-02 -2.630232806853888619e-02 -1.392443743888805395e-02 -3.134873689220818264e-03 2.726514759213851183e-02 6.443825337796224573e-02 1.094761125050103950e-01 1.635312392409674354e-01 2.278010468965513957e-01 3.034991592375392289e-01 3.917974762209028294e-01 4.937030692752784611e-01 6.098004693815980426e-01
-1.224505073299815838e-01 -1.080300607119815265e-01 -9.393253442448205870e-02 -8.015772613948361769e-02 -6.669902527928804614e-02 -5.354520432722401080e-02 -4.068389460119276740e-02 -2.810198924176734656e-02 -1.578635569164226621e-02 -5.051682005103106353e-03 2.518167402959230541e-02 6.213364710906719990e-02 1.068705059731088897e-01 1.605130561286326751e-01 2.242010742456358452e-01 2.990600503297067836e-01 3.861015220006817072e-01 4.860363598778593142e-01 5.989411061142961845e-01
-1.243294716379435283e-01 -1.099871685632692470e-01 -9.596849089094811047e-02 -8.227279766030530517e-02 -6.889303117087554329e-02 -5.581881699793070362e-02 -4.303798194535862071e-02 -3.053579179513711897e-02 -1.830174643756172018e-02 -7.639720196405101402e-03 2.237998048531573622e-02 5.904673894294935887e-02 1.033995109446232408e-01 1.565157234361190808e-01 2.194647616286916902e-01 2.932483607701173445e-01 3.786582462530795334e-01 4.760226453355010379e-01 5.848673214141404397e-01
-1.267562376394122114e-01 -1.125176276654288737e-01 -9.860131710126529558e-02 -8.500835532291792229e-02 -7.173024980596312550e-02 -5.875792491921043997e-02 -4.607948343219214066e-02 -3.368001210626721947e-02 -2.154815691322944926e-02 -1.097796668726120674e-02 1.877027627576031629e-02 5.507776037853409634e-02 9.895002336993270753e-02 1.514044676223630925e-01 2.134169026379801881e-01 2.858220857669605541e-01 3.691209683882412107e-01 4.632110489481994220e-01 5.671512129398782465e-01
-1.297537747769678118e-01 -1.156466274821812135e-01 -1.018612507933543965e-01 -8.839665793507360536e-02 -7.524826654212823929e-02 -6.240385055258287211e-02 -4.985303558839605104e-02 -3.758284133093564572e-02 -2.557887647858403390e-02 -1.512330476579151414e-02 1.428742587300083078e-02 5.014970210423931596e-02 9.342111941938130437e-02 1.450440157312345713e-01 2.058648492762557292e-01 2.764961989354047800e-01 3.571071271979611716e-01 4.472070673111626649e-01 5.456074486150531699e-01
-1.333123581489404075e-01 -1.193696873319293195e-01 -1.057467916897592702e-01 -9.244383357658605971e-02 -7.945513156488846762e-02 -6.677039528665776325e-02 -5.437826165491956021e-02 -4.226704261224516895e-02 -3.042216855294173350e-02 -2.010900935379065016e-02 8.884016758996481772e-03 4.419137935187555238e-02 8.670865194914076368e-02 1.372759827516704390e-01 1.965702062866373501e-01 2.649492115211374843e-01 3.422714317389903282e-01 4.278084695251442859e-01 5.203614472888988818e-01
