-7.620360080470975350e-02 -6.661626327246940316e-02 -5.731855605120694808e-02 -4.829237623452197620e-02 -3.952085820181550774e-02 -3.098857695709837656e-02 -2.268018281652767892e-02 -1.458094063089020870e-02 -6.679409766862875152e-03 1.876698903756511463e-04 1.944217805669749832e-02 4.282165726123025873e-02 7.094521503593075040e-02 1.044673364787390285e-01 1.440977041583808849e-01 1.906132931529717078e-01 2.449008564167535762e-01 3.079943926796586129e-01 3.811115020795798336e-01
-7.615635394817263371e-02 -6.657025756888619583e-02 -5.727414435952522809e-02 -4.824939857129512122e-02 -3.947953260307866807e-02 -3.094861012491445865e-02 -2.264115798822827208e-02 -1.454371790293189880e-02 -6.643214076760935866e-03 2.234964729681288031e-04 1.947504621435917210e-02 4.285196727044525422e-02 7.097224078854379170e-02 1.044920602172620394e-01 1.441193025483845369e-01 1.906306576594984092e-01 2.449174828319118924e-01 3.080081485792326990e-01 3.811229631732002132e-01
-7.612859145517125725e-02 -6.654183211407056764e-02 -5.724395888301687940e-02 -4.822024424460509551e-02 -3.944895943121627668e-02 -3.091775147876713384e-02 -2.261114986329840551e-02 -1.451314904066150664e-02 -6.612690625526173455e-03 2.524392097289832851e-04 1.950331421955489239e-02 4.287963474551718945e-02 7.099834295259078998e-02 1.045156447171089326e-01 1.441392347472349456e-01 1.906505032663038113e-01 2.449334896075271439e-01 3.080215813952146275e-01 3.811348116687487964e-01
-7.613499037851875761e-02 -6.654206958014485807e-02 -5.724113686611241592e-02 -4.821192780099325947e-02 -3.943879044648563453e-02 -3.090485981923941916e-02 -2.259578669070140544e-02 -1.449786464128254709e-02 -6.594982219045867483e-03 2.717835932897958145e-04 1.952494798147707405e-02 4.290156413104191657e-02 7.102001233706771444e-02 1.045363614754086512e-01 1.441603230072278086e-01 1.906682160701402562e-01 2.449490850525875840e-01 3.080343183855394074e-01 3.811463558683099162e-01
-7.617583311374756527e-02 -6.657561482409603271e-02 -5.726762742506900233e-02 -4.823308834264919409e-02 -3.945452719024121480e-02 -3.091620136714696640e-02 -2.260256632641512511e-02 -1.449989819668174966e-02 -6.595258306387539148e-03 2.743303309966264674e-04 1.953255565785970774e-02 4.291407166903593584e-02 7.103609780742500823e-02 1.045548251283243135e-01 1.441776321167089758e-01 1.906837013146451543e-01 2.449642892456945498e-01 3.080488007745688095e-01 3.811580536450335788e-01
-7.624989063396123146e-02 -6.664153734163440201e-02 -5.732503961990612767e-02 -4.828267829835394820e-02 -3.949722412304870062e-02 -3.095241325014655084e-02 -2.263320057309939001e-02 -1.452528382317659107e-02 -6.616250721319280950e-03 2.567391100760083359e-04 1.952464805782275561e-02 4.291379019163381325e-02 7.104228028846525100e-02 1.045665139890608469e-01 1.441916562338640961e-01 1.906997666405823577e-01 2.449779837530534354e-01 3.080615177418127848e-01 3.811689952198279441e-01
-7.635505781257671820e-02 -6.673672607004912938e-02 -5.741191116230939112e-02 -4.835987229932451476e-02 -3.956640060066471398e-02 -3.101398499947901830e-02 -2.268772991455933821e-02 -1.457341753549423920e-02 -6.658075118848551070e-03 2.187379186380082629e-04 1.949947615762498421e-02 4.290089953080884755e-02 7.103968604308788515e-02 1.045711646871107930e-01 1.442006560559578598e-01 1.907117211020617209e-01 2.449902644098310434e-01 3.080736477392475026e-01 3.811800939680844436e-01
-7.648727741843733274e-02 -6.685965360016264680e-02 -5.752290418026188151e-02 -4.846265129643757830e-02 -3.966039054830051286e-02 -3.109910546346929261e-02 -2.276575381789447058e-02 -1.464344664859464941e-02 -6.722451691727824273e-03 1.623334433766642599e-04 1.945599819849128456e-02 4.287196175086091521e-02 7.102477823255486100e-02 1.045674053111580321e-01 1.442055608032941916e-01 1.907208605180315542e-01 2.450021508638913492e-01 3.080848111203034478e-01 3.811887258887390884e-01
-7.664343041705413972e-02 -6.700402368799714126e-02 -5.765834037240872428e-02 -4.858912254105805101e-02 -3.977628506633495292e-02 -3.120709677410664351e-02 -2.286444829665284020e-02 -1.473492860277858876e-02 -6.805392852416858838e-03 8.483582411652140038e-05 1.939494061532990449e-02 4.282790630204686561e-02 7.099726016497370784e-02 1.045542523980391297e-01 1.442038542225443920e-01 1.907257838110822112e-01 2.450095547805411778e-01 3.080948272901144480e-01 3.812000479941804465e-01
-7.679969070249652308e-02 -6.715113384808299446e-02 -5.779616363824309488e-02 -4.871725766870208668e-02 -3.989717026789371679e-02 -3.131952269562995189e-02 -2.296915497901700839e-02 -1.483223047604126377e-02 -6.896734768229230081e-03 0.000000000000000000e+00 1.932483539950251988e-02 4.277586270698120752e-02 7.096179199506505442e-02 1.045341914017885732e-01 1.441959557321409457e-01 1.907266686747339235e-01 2.450163794478130985e-01 3.081021465751827004e-01 3.812080302295671186e-01
-7.733294409169436112e-02 -6.765792793051066123e-02 -5.827839752246256194e-02 -4.917457747753781194e-02 -4.032943194104249979e-02 -3.172827986493665514e-02 -2.335489252566833041e-02 -1.519616412027232494e-02 -7.238460198485616344e-03 -3.246098288955716013e-04 1.905078307416158134e-02 4.255594006763039477e-02 7.079977155458992699e-02 1.044282767067895440e-01 1.441380522727459257e-01 1.907048360767722162e-01 2.450167545612006725e-01 3.081161685797134120e-01 3.812269047097341934e-01
-7.814628547163016137e-02 -6.844177372739514154e-02 -5.903177471164270523e-02 -4.989878277806684970e-02 -4.102538338049996347e-02 -3.239516606622194067e-02 -2.399389181095012979e-02 -1.580809549631296065e-02 -7.822887444674032562e-03 -8.850026662745594718e-04 1.855539284327914484e-02 4.213705785993021591e-02 7.046644697110589217e-02 1.041844455809974035e-01 1.439780082009398943e-01 1.906154506888124434e-01 2.449798387034121117e-01 3.081100788986416705e-01 3.812364494672121351e-01
-7.932797503095881386e-02 -6.959219458593635110e-02 -6.015013611121345499e-02 -5.098471561134521046e-02 -4.207923585035960867e-02 -3.341708658894700784e-02 -2.498447432051751835e-02 -1.676637868600231590e-02 -8.749224614971337632e-03 -1.783964602175279988e-03 1.773564772642086118e-02 4.141423173717775214e-02 6.985822833536613208e-02 1.037031110544482104e-01 1.436283669603489188e-01 1.903866561069401664e-01 2.448500229782308579e-01 3.080494823214824929e-01 3.812191142628237328e-01
-8.096954377441947792e-02 -7.120241620956566098e-02 -6.172882412214263786e-02 -5.253117192789510947e-02 -4.359302519345289312e-02 -3.489799571792261135e-02 -2.643130924847501492e-02 -1.817968214623402398e-02 -1.013027779850124606e-02 -3.134873689220818264e-03 1.647207241756449420e-02 4.026134273811279862e-02 6.884185351633535788e-02 1.028503665056405836e-01 1.429575119150026108e-01 1.899019372207748912e-01 2.445326715291563369e-01 3.078651659883512304e-01 3.811259983956140629e-01
-8.315734908593556962e-02 -7.336375972950240354e-02 -6.386126906057906782e-02 -5.463445831914198747e-02 -4.566601328511054464e-02 -3.694077105249437415e-02 -2.844313695716055648e-02 -2.015861218966792309e-02 -1.207632344724292491e-02 -5.051682005103106353e-03 1.464145471561135829e-02 3.854504758980747958e-02 6.727387457915748326e-02 1.014677087280590612e-01 1.417979109753834399e-01 1.889911885712088346e-01 2.438735068982288423e-01 3.074300512956619214e-01 3.808639540951588853e-01
-8.596715563266094096e-02 -7.615203121360822336e-02 -6.662822581871517824e-02 -5.737800318920262960e-02 -4.838536602843517692e-02 -3.963432433001541633e-02 -3.111099951976541850e-02 -2.279943778032752708e-02 -1.468955392506580970e-02 -7.639720196405101402e-03 1.213121677009426289e-02 3.613878533296342732e-02 6.501010178975816234e-02 9.939153826051271012e-02 1.399626010206809212e-01 1.874479313403209502e-01 2.426578643082250297e-01 3.065433766834541607e-01 3.802656162020333630e-01
-8.945907296455501978e-02 -7.963109416290960196e-02 -7.009382317537994622e-02 -6.082848757323775640e-02 -5.181929704563385114e-02 -4.305151216049706020e-02 -3.450806480755570782e-02 -2.617768297606923311e-02 -1.804698553834900576e-02 -1.097796668726120674e-02 8.851124462670265092e-03 3.294365410350518636e-02 6.193175413611883007e-02 9.647941293264836182e-02 1.372778113620347074e-01 1.850617143852547053e-01 2.406385534982797558e-01 3.049356842126268452e-01 3.790699582812983026e-01
-9.367935149795172944e-02 -8.384666096884135778e-02 -7.430336141127875937e-02 -6.503166423607981139e-02 -5.601535598215193895e-02 -4.723812068160082589e-02 -3.868620861606201361e-02 -3.034550899476514893e-02 -2.220342835001981596e-02 -1.512330476579151414e-02 4.740981695740630053e-03 2.888766031702046447e-02 5.795969847179801432e-02 9.263086093412070676e-02 1.336105757380974812e-01 1.816524456548120614e-01 2.375788494420045527e-01 3.023146522541191872e-01 3.769431445592436036e-01
-9.867120560991522737e-02 -8.884030088721085738e-02 -7.929794975708008564e-02 -7.002679758278337885e-02 -6.101024510444574833e-02 -5.223238081265598604e-02 -4.367898770588155011e-02 -3.533676644451889254e-02 -2.719171808313245245e-02 -2.010900935379065016e-02 -2.315468952232636922e-04 2.393722793739261334e-02 5.304841443489898695e-02 8.778917949807621413e-02 1.288846974709096649e-01 1.771096947838803615e-01 2.333112910597679168e-01 2.984305812142064029e-01 3.735491113492518389e-01
