9.806007481310107323e+03 9.806007481310107323e+03 9.806007481310107323e+03 9.806007481310107323e+03 9.806007481310107323e+03 9.806007481310107323e+03 9.806007481310107323e+03 9.806007481310107323e+03 9.806007481310107323e+03 9.806007481310107323e+03 9.806007481310107323e+03 9.806007481310107323e+03 9.806007481310107323e+03 9.806007481310107323e+03 9.806007481310107323e+03 9.806007481310107323e+03 9.806007481310107323e+03 9.806007481310107323e+03 9.806007481310107323e+03
4.841599491124382593e-01 4.842130207903896366e-01 4.842660060971899494e-01 4.843170335051157349e-01 4.843648336946592137e-01 4.844093778424210517e-01 4.844473898746020080e-01 4.844797260636970471e-01 4.845048059046648259e-01 4.845200539374768245e-01 4.845267300233667140e-01 4.844462188235270084e-01 4.841964895541513436e-01 4.836553623177884398e-01 4.826594019038719652e-01 4.810195595469289875e-01 4.785311904169740616e-01 4.750109656131640823e-01 4.703200335140407251e-01
3.075757249699214713e-01 3.076226268336766934e-01 3.076679805105873577e-01 3.077100538744920732e-01 3.077459540230231827e-01 3.077765877591835952e-01 3.077963034211875781e-01 3.078063006306960281e-01 3.078048458075788307e-01 3.077937513943652670e-01 3.077073755522681253e-01 3.074813849672874411e-01 3.070195032089482745e-01 3.061889866007281857e-01 3.048337191471918728e-01 3.027862898231319932e-01 2.998854802585108614e-01 2.960017215554585079e-01 2.910513198511973099e-01
2.147962985711719952e-01 2.148398143093813162e-01 2.148812095821674983e-01 2.149183115956074253e-01 2.149472482349174263e-01 2.149649858916597711e-01 2.149733352351172744e-01 2.149669686443632655e-01 2.149474081664121405e-01 2.149184392758241302e-01 2.147716763870434753e-01 2.144552763579670451e-01 2.138667851340509962e-01 2.128767018195471261e-01 2.113368959176520623e-01 2.090962517829794420e-01 2.060187599216709853e-01 2.020026178214022750e-01 1.969872830710209799e-01
1.533134460069794647e-01 1.533555964808948902e-01 1.533947829577355926e-01 1.534273548243188789e-01 1.534500016861720384e-01 1.534598679740047378e-01 1.534573135435493008e-01 1.534388053283974596e-01 1.534047352308930412e-01 1.533619454771852908e-01 1.531693777733792450e-01 1.527875112028958815e-01 1.521117097748180269e-01 1.510157341681366006e-01 1.493585390354480180e-01 1.470020657779536888e-01 1.438274995947874391e-01 1.397485527233640612e-01 1.347179825226909877e-01
1.079920622540693209e-01 1.080313969469424706e-01 1.080682289627553500e-01 1.080968645724671995e-01 1.081145034983567177e-01 1.081171087147898696e-01 1.081060861738215029e-01 1.080773110525599379e-01 1.080318943143800808e-01 1.079775221768387861e-01 1.077479208124807741e-01 1.073152298768716706e-01 1.065734387444528114e-01 1.054010037175572290e-01 1.036613327504534859e-01 1.012275489678867019e-01 9.799168239260486191e-02 9.388032399582280085e-02 8.885155883350097372e-02
7.244403025470845525e-02 7.248205054178211149e-02 7.251672925006580339e-02 7.254127186225088619e-02 7.255487186277097267e-02 7.255320562233699699e-02 7.253237644412843799e-02 7.249558986288581752e-02 7.244041713521844061e-02 7.237645921971713747e-02 7.211644654836579793e-02 7.164343649235599409e-02 7.084941716425091629e-02 6.961686436632219532e-02 6.781556543333781828e-02 6.532591879855259576e-02 6.205012348544471090e-02 5.792063026845718776e-02 5.290069914522534805e-02
4.340210079316624003e-02 4.343860091052136746e-02 4.347209163873920479e-02 4.349551221480103119e-02 4.350433365948219722e-02 4.349652018045119251e-02 4.346992329823693574e-02 4.342481151111635823e-02 4.336083078122521250e-02 4.328840515461374744e-02 4.300429240085632682e-02 4.249592704188035613e-02 4.165930672388992034e-02 4.037773418477462462e-02 3.852877082179970852e-02 3.599795374122870262e-02 3.269336583207465424e-02 2.855429738415534574e-02 2.354606870395660467e-02
1.898207483098574011e-02 1.901774608901855498e-02 1.904915846315795649e-02 1.906961572801619056e-02 1.907496634826239684e-02 1.906205044354094408e-02 1.902933947405058279e-02 1.897752334104565314e-02 1.890591176521664793e-02 1.882703738261092344e-02 1.852029986671068287e-02 1.798214949897955495e-02 1.711087385097241273e-02 1.579019024112848432e-02 1.390122208340683306e-02 1.133729210935277912e-02 8.012067635816725111e-03 3.868697353894993106e-03 -1.126629542287158840e-03
1.876698903756511463e-04 2.234964729681288031e-04 2.524392097289832851e-04 2.717835932897958145e-04 2.743303309966264674e-04 2.567391100760083359e-04 2.187379186380082629e-04 1.623334433766642599e-04 8.483582411652140038e-05 0.000000000000000000e+00 -3.246098288955716013e-04 -8.850026662745594718e-04 -1.783964602175279988e-03 -3.134873689220818264e-03 -5.051682005103106353e-03 -7.639720196405101402e-03 -1.097796668726120674e-02 -1.512330476579151414e-02 -2.010900935379065016e-02
-4.373567748684194234e-02 -4.370206691145817057e-02 -4.367471027103287523e-02 -4.366226390925084799e-02 -4.366680432875340301e-02 -4.369401162066788302e-02 -4.374347097651113542e-02 -4.381562566967186351e-02 -4.390732257148331069e-02 -4.400583157588887351e-02 -4.437242116818904125e-02 -4.498698790957587207e-02 -4.594936872248332749e-02 -4.736723490596141811e-02 -4.934785044707505619e-02 -5.198410439521118642e-02 -5.534884651599550343e-02 -5.949257004015878064e-02 -6.445094178637296445e-02
-8.527811466661769368e-02 -8.524613728008641200e-02 -8.522199940455120470e-02 -8.521461291501002122e-02 -8.522810345763948137e-02 -8.526590660427325885e-02 -8.532899507307359355e-02 -8.541354248351143430e-02 -8.552091716823791157e-02 -8.563355215526104181e-02 -8.604120255732454481e-02 -8.670734753578826504e-02 -8.772881192856002430e-02 -8.920674156052062209e-02 -9.124074028465017916e-02 -9.391601485003875371e-02 -9.729836595929378107e-02 -1.014358125635672070e-01 -1.063685579593056652e-01
-1.244826469308065869e-01 -1.244528282905830591e-01 -1.244319315794841507e-01 -1.244304192250386965e-01 -1.244533324949441272e-01 -1.245028979458065177e-01 -1.245776302489677856e-01 -1.246771662015415255e-01 -1.247996872482658032e-01 -1.249259380221921928e-01 -1.253741221570335851e-01 -1.260885372083903055e-01 -1.271642219336726332e-01 -1.286959945349190337e-01 -1.307749056483571426e-01 -1.334811716650103619e-01 -1.368746425738437689e-01 -1.410041261202604479e-01 -1.459175401035029129e-01
-1.613802140540425978e-01 -1.613513760182030965e-01 -1.613340281007638877e-01 -1.613390418211707866e-01 -1.613715999175883431e-01 -1.614323634940604824e-01 -1.615206650976148961e-01 -1.616346095942626515e-01 -1.617725059301586554e-01 -1.619119188396127285e-01 -1.623974643222232117e-01 -1.631583379538181500e-01 -1.642820527367392924e-01 -1.658609556568468035e-01 -1.679801558480783497e-01 -1.707108102963900698e-01 -1.741119844694541396e-01 -1.782352767084730838e-01 -1.831391245236695664e-01
-1.959823690188915168e-01 -1.959555265920855105e-01 -1.959420347641820104e-01 -1.959541180078497591e-01 -1.959960201484667042e-01 -1.960687370386886008e-01 -1.961704432957623312e-01 -1.962983108202311089e-01 -1.964500876538890495e-01 -1.966024331010217674e-01 -1.971254211062421491e-01 -1.979285460220059634e-01 -1.990974532060332258e-01 -2.007178819043283213e-01 -2.028695411691296691e-01 -2.056202390800944690e-01 -2.090292636021155170e-01 -2.131524627747961864e-01 -2.180585232831523668e-01
-2.282889205690063761e-01 -2.282644745776202522e-01 -2.282543817573655376e-01 -2.282735449833827035e-01 -2.283254333140979642e-01 -2.284102725019744318e-01 -2.285250247193371942e-01 -2.286668581314330595e-01 -2.288325539417308818e-01 -2.289976103703984245e-01 -2.295548405655822022e-01 -2.303969385317316265e-01 -2.316063785151731835e-01 -2.332630409851951525e-01 -2.354437156659354158e-01 -2.382136091216987550e-01 -2.416328352395810120e-01 -2.457627858398924725e-01 -2.506836395698383013e-01
-2.582867993377215288e-01 -2.582630549110798701e-01 -2.582580752330582152e-01 -2.582844172777488123e-01 -2.583466805578799041e-01 -2.584431942555046602e-01 -2.585710308659660561e-01 -2.587267020995036582e-01 -2.589051377712874857e-01 -2.590817916306743518e-01 -2.596716849782483294e-01 -2.605496383903777025e-01 -2.617950850944274488e-01 -2.634851696655569619e-01 -2.656920767154977714e-01 -2.684806117937019176e-01 -2.719133473057013251e-01 -2.760589635015596177e-01 -2.810069452913950827e-01
-2.859534516554713690e-01 -2.859312482616866991e-01 -2.859304761758346691e-01 -2.859648712123299408e-01 -2.860379573201252135e-01 -2.861453256893302655e-01 -2.862857441758777655e-01 -2.864534204779929372e-01 -2.866453316777908267e-01 -2.868328739168900521e-01 -2.874535768178342332e-01 -2.883641236530146701e-01 -2.896423484569422557e-01 -2.913626375100176746e-01 -2.935942922841858205e-01 -2.964025325657201337e-01 -2.998533628817626751e-01 -3.040232691885147998e-01 -3.090079495838148893e-01
-3.112660343399613616e-01 -3.112451992719839078e-01 -3.112488001006294414e-01 -3.112907763691958318e-01 -3.113731904930137073e-01 -3.114926669439936902e-01 -3.116447250149336767e-01 -3.118247539680842895e-01 -3.120285603619967763e-01 -3.122265631804215791e-01 -3.128743274743452374e-01 -3.138157067611876960e-01 -3.151242955486613928e-01 -3.168722009932870010e-01 -3.191279653322310339e-01 -3.219576474714047620e-01 -3.254316554952823570e-01 -3.296321297231371572e-01 -3.346594576096259543e-01
