3.234072227039510028e-01 3.421133182679300111e-01 3.601188368281272867e-01 3.774582531671413221e-01 3.941702939087476376e-01 4.102943154978151985e-01 4.258666945073086296e-01 4.409261328655089685e-01 4.555041288009720191e-01 4.680833001669853499e-01 5.029099684467441822e-01 5.443490581593325439e-01 5.930221472908818736e-01 6.494633267056467707e-01 7.141253374105526186e-01 7.873927924525624400e-01 8.696171030914834343e-01 9.611659908655847406e-01 1.062463167665441688e+00
2.454773508067406851e-01 2.655351033531641036e-01 2.849673633652334281e-01 3.037896905063625641e-01 3.220235081246615727e-01 3.396938233246390437e-01 3.568278873972150489e-01 3.734540884272568584e-01 3.895974199419311446e-01 4.035616181001984160e-01 4.423628824053253417e-01 4.887295204101581581e-01 5.433269159130076353e-01 6.066216823735449681e-01 6.788262689714090747e-01 7.598850589613153073e-01 8.495391397260739774e-01 9.475297106840873118e-01 1.053867510433053489e+00
1.492147691295609147e-01 1.684532092712449081e-01 1.871994646118017580e-01 2.054598326144023990e-01 2.232495874193111129e-01 2.405872909493603495e-01 2.574928527893888264e-01 2.739865666873358419e-01 2.900883787286269166e-01 3.040865674087204207e-01 3.433303500449945145e-01 3.908995950261908714e-01 4.478502448725011353e-01 5.150870893129756434e-01 5.932293046891148336e-01 6.824826386886049256e-01 7.825643907864896498e-01 8.927457603188305724e-01 1.012015003372752631e+00
8.087880938875864623e-02 9.897950760869868303e-02 1.166401362975757056e-01 1.338682384652332136e-01 1.506750784263124754e-01 1.670782026099973949e-01 1.830962344199240921e-01 1.987474023175848370e-01 2.140506887464803110e-01 2.273750400251286774e-01 2.648377109853849443e-01 3.104957252342239737e-01 3.655826554566976583e-01 4.313381496873044396e-01 5.089231322652214562e-01 5.992875965123282134e-01 7.029239235659532348e-01 8.196243827967261142e-01 9.483607693819018358e-01
2.918934592350645729e-02 4.638383539075011108e-02 6.317212396762673932e-02 7.955912233395635857e-02 9.555620629206217076e-02 1.111798338822941185e-01 1.264463861810822543e-01 1.413722601856808592e-01 1.559744281491057538e-01 1.686972146476169720e-01 2.045052379032762102e-01 2.482260866412992484e-01 3.011122706823524120e-01 3.644663681322129478e-01 4.396203103379480726e-01 5.278731445148509005e-01 6.303576660153449307e-01 7.477933248364745378e-01 8.800991604317730532e-01
-1.204082280285746417e-02 4.421081106663426671e-03 2.050401914191664343e-02 3.620869545078628238e-02 5.154744766855245269e-02 6.653404428862307041e-02 8.118327451887384638e-02 9.551080019899009510e-02 1.095340937842219642e-01 1.217546989383295614e-01 1.561745800631703929e-01 1.982442204026625410e-01 2.491984774508759493e-01 3.103433281271077981e-01 3.830476622867854397e-01 4.687147348502155308e-01 5.687260362948620696e-01 6.843078281669336960e-01 8.162566787548740654e-01
-4.604050894786498177e-02 -3.018083520708353396e-02 -1.468182736243081599e-02 4.591591583231204011e-04 1.525070518499001965e-02 2.970692007816490635e-02 4.384150660642514158e-02 5.766997947841187577e-02 7.120647787973027887e-02 8.300827670265024938e-02 1.162568014673363154e-01 1.569221415344482506e-01 2.062149275473126042e-01 2.654269321700342688e-01 3.359257677093659411e-01 4.191474641199804951e-01 5.165565684234537658e-01 6.296022111999634019e-01 7.595420032723664283e-01
-7.476879676591281776e-02 -5.941662711632686444e-02 -4.440780256072238141e-02 -2.974285184642391430e-02 -1.541267816724716487e-02 -1.404798224790197595e-03 1.229446328712782005e-02 2.569918866511996039e-02 3.882433528377637194e-02 5.026739170977428256e-02 8.251686299247325274e-02 1.219777689267154686e-01 1.698349008094467150e-01 2.273617948160733815e-01 2.959115550390208349e-01 3.769174887917029482e-01 4.718824993010445890e-01 5.823393065120340273e-01 7.097781962831563041e-01
-9.952215123159202648e-02 -8.460229575789228462e-02 -7.001381430322126120e-02 -5.575619355367283231e-02 -4.182138389630608855e-02 -2.819840145964176356e-02 -1.487276885388782652e-02 -1.831687402840524856e-03 1.093868434537043251e-02 2.207375670927309158e-02 5.346102669553377817e-02 9.187863847807885287e-02 1.384875323729395646e-01 1.945367668625473667e-01 2.613613419809880933e-01 3.403860435432231601e-01 4.331157140545317530e-01 5.411223901838868588e-01 6.660031705212541286e-01
-1.189201515257751335e-01 -1.043366159252554493e-01 -9.007404851861192108e-02 -7.613273583713484061e-02 -6.250518268130683674e-02 -4.918035737729958140e-02 -3.614689075455447542e-02 -2.338875976915503682e-02 -1.089501699644739550e-02 0.000000000000000000e+00 3.071408597277440131e-02 6.831491452446226964e-02 1.139431130578868051e-01 1.688276016425482029e-01 2.342850348991038223e-01 3.117230637320312359e-01 4.026407556279277267e-01 5.086221513119789650e-01 6.313140247660077309e-01
-1.654318229245873018e-01 -1.516386058458654151e-01 -1.381417722194502595e-01 -1.249447550204746682e-01 -1.120393636254453790e-01 -9.941797620206856145e-02 -8.706869192451763273e-02 -7.497907396865977070e-02 -6.313728012192565409e-02 -5.280967014154324540e-02 -2.368586875622721855e-02 1.198151820274576292e-02 5.527961809054785652e-02 1.073822274003101290e-01 1.695508090717365302e-01 2.431396828767184159e-01 3.296029401518384416e-01 4.305046366855000417e-01 5.475192338038155082e-01
-2.111221043111047024e-01 -1.980756282047728967e-01 -1.853034641334227184e-01 -1.728080663582657051e-01 -1.605861747405971929e-01 -1.486284400074939782e-01 -1.369256006883479426e-01 -1.254667340623357441e-01 -1.142406969402908617e-01 -1.044483119705974516e-01 -7.682892152199602420e-02 -4.299630136668416286e-02 -1.913478974563061685e-03 4.753408473023911646e-02 1.065430765796738510e-01 1.764028856998677286e-01 2.584995873644971298e-01 3.543273480245079932e-01 4.655111023233488576e-01
-2.562365039152813551e-01 -2.438904212232699265e-01 -2.317952067481515166e-01 -2.199556356392527168e-01 -2.083698998897076937e-01 -1.970305735080151999e-01 -1.859301855429800754e-01 -1.750583297337877930e-01 -1.644053494623206324e-01 -1.551114682910826326e-01 -1.288937066569329493e-01 -9.676813089488846276e-02 -5.775397704804788312e-02 -1.079104292191493571e-02 4.525454195879299174e-02 1.116006386567796604e-01 1.895507319657512568e-01 2.805162135023571146e-01 3.860302746717685363e-01
-3.012026665176138485e-01 -2.895091011188448693e-01 -2.780412761472284555e-01 -2.668081696791712032e-01 -2.558071027719603929e-01 -2.450366041075938139e-01 -2.344890699119637212e-01 -2.241556397968814118e-01 -2.140282781451467164e-01 -2.051918097579112088e-01 -1.802587822507051574e-01 -1.497009124194847995e-01 -1.125878792353348506e-01 -6.791242836448624365e-02 -1.460365558639133317e-02 4.848617745014134617e-02 1.225833095406263923e-01 2.090055982831118542e-01 3.091818273505164139e-01
-3.465922533489672053e-01 -3.355048958844213391e-01 -3.246145539964364612e-01 -3.139334016293185425e-01 -3.034651053317431457e-01 -2.932085128424166132e-01 -2.831591340938159340e-01 -2.733100892110685298e-01 -2.636550807323679302e-01 -2.552287681477631853e-01 -2.314483289686273537e-01 -2.023012547444998366e-01 -1.668997832495851263e-01 -1.242958291511750274e-01 -7.347396267096081846e-02 -1.335478018667353092e-02 5.721192502080037212e-02 1.394538615528190806e-01 2.346957435384785517e-01
-3.931083709838250062e-01 -3.825927017305599809e-01 -3.722366390520249757e-01 -3.620589459419451539e-01 -3.520682104434790793e-01 -3.422680224263382476e-01 -3.326577980736787343e-01 -3.232326947850117649e-01 -3.139893783226518909e-01 -3.059198522481990090e-01 -2.831405819793570422e-01 -2.552183603199670303e-01 -2.213138015169294481e-01 -1.805303257834507680e-01 -1.319156414483603768e-01 -7.445392418891713660e-02 -7.069601202346312459e-03 7.138100152436493984e-02 1.621243693501018546e-01
-4.415374478240161604e-01 -4.315946054664002163e-01 -4.217595407906042926e-01 -4.120576194686536020e-01 -4.025059496016227256e-01 -3.931125195059124722e-01 -3.838849359124720251e-01 -3.748235112875863417e-01 -3.659272064960080728e-01 -3.581564537011855953e-01 -3.362037159829921462e-01 -3.092859326324740032e-01 -2.766170158410537483e-01 -2.373575849746176747e-01 -1.906215371490918853e-01 -1.354589916128780269e-01 -7.087004083341645611e-02 4.208724585274430975e-03 9.091028063427850081e-02
-4.925745319465251737e-01 -4.832858999410374334e-01 -4.740294028695076767e-01 -4.648385153975224116e-01 -4.557380009044120772e-01 -4.467483630596024713e-01 -4.378812488729804664e-01 -4.291464901845660762e-01 -4.205501643984107529e-01 -4.130271533134796114e-01 -3.917305957363319546e-01 -3.655724606095354101e-01 -3.338249902459921037e-01 -2.957243495554320312e-01 -2.504614221016478459e-01 -1.971705378508458173e-01 -1.349273009971915238e-01 -6.274956819689334053e-02 2.040887477452370952e-02
-5.464748209317473737e-01 -5.380265086970335009e-01 -5.295210807262671349e-01 -5.209931777748857407e-01 -5.124729618851469048e-01 -5.039858837966267879e-01 -4.955536572240387128e-01 -4.871944081084959577e-01 -4.789221908173489917e-01 -4.716509317961650738e-01 -4.509429052947121486e-01 -4.253510744719818937e-01 -3.942012395264605229e-01 -3.568288140685063614e-01 -3.125437469789717482e-01 -2.605930258165493063e-01 -2.001515214743659066e-01 -1.303229397498113784e-01 -5.014534442943237302e-02
