-1.145324366282570935e-02 -1.172304184341611821e-02 -1.199252892030209378e-02 -1.226172252119888013e-02 -1.253037505150929841e-02 -1.279968602814592245e-02 -1.306685297855767619e-02 -1.333352146909322529e-02 -1.360131810303444669e-02 -1.383720090607940857e-02 -1.452529817267229732e-02 -1.540997296705717313e-02 -1.654245172308431433e-02 -1.799230275926865311e-02 -1.984007713826953581e-02 -2.218355230063617095e-02 -2.513498499985638082e-02 -2.881228220851981062e-02 -3.332469156170941166e-02
-9.920271100036036349e-03 -1.017626898518373194e-02 -1.043155986533905732e-02 -1.068704629053827265e-02 -1.094265855875157373e-02 -1.119639027064951199e-02 -1.145060936392824913e-02 -1.170449741059087327e-02 -1.195788415447112014e-02 -1.218264857690305042e-02 -1.283676489089639015e-02 -1.367877102188996136e-02 -1.475711334744384852e-02 -1.613969414163991811e-02 -1.790563657560816091e-02 -2.015136606582196288e-02 -2.299130701411458005e-02 -2.654672150340964959e-02 -3.094210267475009171e-02
-8.403240956346992238e-03 -8.646924668326316440e-03 -8.890110853394295881e-03 -9.133276781615448647e-03 -9.375846779699364281e-03 -9.618645386422356239e-03 -9.860687838041866729e-03 -1.010225325283059875e-02 -1.034397205381816856e-02 -1.055810777340986974e-02 -1.118283163353222913e-02 -1.198567469026578895e-02 -1.301546349205963751e-02 -1.433878378508279122e-02 -1.603007647238853875e-02 -1.818532353255309514e-02 -2.091910167323456082e-02 -2.435898222763469706e-02 -2.863776207871897989e-02
-6.903100320139569056e-03 -7.135678626857494197e-03 -7.367767707508157855e-03 -7.599340419388899044e-03 -7.831551838756870346e-03 -8.062838995812098702e-03 -8.295322234361567418e-03 -8.525169663845521065e-03 -8.757314321125159867e-03 -8.961122850895380382e-03 -9.557851181689537567e-03 -1.032579333486271719e-02 -1.131305608524939624e-02 -1.258037742075556950e-02 -1.420496111689477543e-02 -1.627715216453740413e-02 -1.891332088156175151e-02 -2.224239278764807842e-02 -2.640518922193936871e-02
-5.416536371944275299e-03 -5.639745037587110335e-03 -5.861343797631026094e-03 -6.083588003992171193e-03 -6.305684368262583391e-03 -6.527931985626236715e-03 -6.750454180146395547e-03 -6.970933461062750816e-03 -7.193174686816470979e-03 -7.388562305609735863e-03 -7.960650162317926132e-03 -8.697084189659268216e-03 -9.646131535716605254e-03 -1.086338451186341474e-02 -1.242434671528448893e-02 -1.442163814681628881e-02 -1.696720307728336735e-02 -2.019037100029148074e-02 -2.423907103192180987e-02
-3.944666952657118440e-03 -4.158436570748710176e-03 -4.372096940294585912e-03 -4.586112448092921970e-03 -4.798778160911387584e-03 -5.011784764276015769e-03 -5.225586666297667160e-03 -5.437941869941421806e-03 -5.650977968527560839e-03 -5.840169349398882312e-03 -6.388747314990487862e-03 -7.096916790906305714e-03 -8.009448436679356478e-03 -9.180821938374690919e-03 -1.068540280025126119e-02 -1.261357668615151889e-02 -1.507284046584639152e-02 -1.819743302952478090e-02 -2.213592535616580592e-02
-2.486900962537780171e-03 -2.692606954263064133e-03 -2.898380358058361052e-03 -3.103634282041736400e-03 -3.308732463295251981e-03 -3.513897300745786548e-03 -3.719634512780488084e-03 -3.923747847597377700e-03 -4.128687468534427210e-03 -4.311278229372141058e-03 -4.839641147862136158e-03 -5.522130915436798508e-03 -6.401001158486516358e-03 -7.531594585424623671e-03 -8.984037319981600517e-03 -1.084687852471732245e-02 -1.322717304590431513e-02 -1.625812615366724334e-02 -2.009153500746721846e-02
-1.042853195199374946e-03 -1.241162084137939535e-03 -1.439911356273475881e-03 -1.637236190771301780e-03 -1.835175681570046149e-03 -2.033243756172288096e-03 -2.230750392582106240e-03 -2.428452038172350044e-03 -2.625868525441641538e-03 -2.801350346570693779e-03 -3.312494580613387692e-03 -3.970909556970282292e-03 -4.819532449018193790e-03 -5.911623079646274349e-03 -7.316082290364309647e-03 -9.118075092342595167e-03 -1.142627229386727200e-02 -1.436818123623955119e-02 -1.810008464894168057e-02
3.884618550052745269e-04 1.971150338859328094e-04 5.449617748063535830e-06 -1.856702231952278191e-04 -3.774205203656918355e-04 -5.683153038988893527e-04 -7.593156362729040374e-04 -9.501256881768182800e-04 -1.141108642596594044e-03 -1.310546458270486552e-03 -1.804348775872467725e-03 -2.441317530537827785e-03 -3.262126445624445072e-03 -4.318917273747942091e-03 -5.679348952351286235e-03 -7.424954545114915982e-03 -9.663439297587384652e-03 -1.252256629149716034e-02 -1.615700569161093031e-02
1.650190207536239659e-03 1.464287048079858985e-03 1.278284411978502719e-03 1.092650187773248687e-03 9.068244139418099505e-04 7.210113061908221804e-04 5.349613122330813255e-04 3.500365519718263941e-04 1.647587396230222622e-04 0.000000000000000000e+00 -4.801057187521447548e-04 -1.098456876615858720e-03 -1.897072662519918565e-03 -2.924130264785995258e-03 -4.246677037924299035e-03 -5.947107940016848303e-03 -8.127809733065146508e-03 -1.091724407220335570e-02 -1.446943151400982737e-02
5.274654840659007832e-03 5.103299358035097606e-03 4.931477853251981305e-03 4.759812522527046355e-03 4.588415389368222762e-03 4.416659103074106404e-03 4.245001651205795000e-03 4.073191126650299934e-03 3.901739330686530231e-03 3.748539863124380946e-03 3.305384213159728336e-03 2.732797028600849904e-03 1.992725748844043944e-03 1.041212017120297277e-03 -1.871662992471754368e-04 -1.766728931656213726e-03 -3.797794681834765467e-03 -6.403267731665905627e-03 -9.736002708969895489e-03
9.846376202094940175e-03 9.689850316403776295e-03 9.532700313076677284e-03 9.375901018959785851e-03 9.218045742468459341e-03 9.061967921914817689e-03 8.905053212779746527e-03 8.747909524119443919e-03 8.591254697165116860e-03 8.451905630903892505e-03 8.045207478703422788e-03 7.519835276431538137e-03 6.843615033991425935e-03 5.970300038918290898e-03 4.843914810724512209e-03 3.391969603125067137e-03 1.521407265616385668e-03 -8.826843353518632569e-04 -3.969000222531822268e-03
1.558568473072314935e-02 1.544354407771688156e-02 1.530144794146775546e-02 1.515925398417555976e-02 1.501730934255335846e-02 1.487527566092664184e-02 1.473322310780311728e-02 1.459088181801568296e-02 1.444895606179285620e-02 1.432266265609529431e-02 1.395372954633570389e-02 1.347923702985307295e-02 1.286480922727471950e-02 1.207320345308155081e-02 1.105094280013553011e-02 9.731487387087308857e-03 8.029880534703888462e-03 5.836020600464902550e-03 3.013203740789325603e-03
2.275060409353200225e-02 2.262308798463472451e-02 2.249570326901472600e-02 2.236841792423172395e-02 2.224061379026134530e-02 2.211318924350003795e-02 2.198573193666880643e-02 2.185864174448265765e-02 2.173063006277315204e-02 2.161824743481008046e-02 2.128799988611238675e-02 2.086131213450003602e-02 2.030971585093614001e-02 1.959878270088135852e-02 1.868022889270867445e-02 1.749383587821176644e-02 1.596173546062476176e-02 1.398344004127505258e-02 1.143128807155281701e-02
3.164114733518526290e-02 3.152775952817411104e-02 3.141458502525289881e-02 3.130045578831124747e-02 3.118816124896807082e-02 3.107496425827976916e-02 3.096107162849442637e-02 3.084831677612114020e-02 3.073488864818167340e-02 3.063403287952129461e-02 3.034058836564812456e-02 2.996119460542345098e-02 2.947105925766014059e-02 2.883769494062000602e-02 2.801933762208306047e-02 2.696210554131173165e-02 2.559556554279858454e-02 2.382859016248426928e-02 2.154685753101290985e-02
4.259395356842973074e-02 4.249382600829219869e-02 4.239399910937880628e-02 4.229399335767102669e-02 4.219417936855308221e-02 4.209350725665340215e-02 4.199407601931900297e-02 4.189324585930120914e-02 4.179352690182995544e-02 4.170516404177226910e-02 4.144582432799680943e-02 4.111005767370013581e-02 4.067783641589638871e-02 4.011753699494072234e-02 3.939537176004217350e-02 3.845997169037565500e-02 3.725189872835105165e-02 3.568882495558825529e-02 3.366532333206295746e-02
5.597353205329413245e-02 5.588605569958053632e-02 5.579763994164941426e-02 5.571001096872312680e-02 5.562229689508790820e-02 5.553559779727881146e-02 5.544789885645446531e-02 5.535996658347418220e-02 5.527227806134119015e-02 5.519424963430042547e-02 5.496665762268419797e-02 5.467194917211343902e-02 5.429325686643556026e-02 5.380212972354247308e-02 5.316660029676375382e-02 5.234642917621333547e-02 5.128484575805793838e-02 4.991222799135320437e-02 4.813429043141562169e-02
7.215752320023487154e-02 7.208147327012563721e-02 7.200471006300110388e-02 7.192872462316261817e-02 7.185210384501873604e-02 7.177574003012755777e-02 7.169915058913088612e-02 7.162144912480471193e-02 7.154510341648460947e-02 7.147820967847022533e-02 7.127971604472767286e-02 7.102240132675426143e-02 7.069205784166779361e-02 7.026330152471359225e-02 6.970994979153098681e-02 6.899443634353676080e-02 6.806858852848945984e-02 6.687035641665756147e-02 6.531763598781649416e-02
9.151544633319459721e-02 9.144904642613754797e-02 9.138302968679647142e-02 9.131652296419554005e-02 9.125022604812939309e-02 9.118388619242799586e-02 9.111724958377621919e-02 9.105084378448866089e-02 9.098443416998186484e-02 9.092542992073615604e-02 9.075362749411149121e-02 9.053139390203540637e-02 9.024402961965750924e-02 8.987300425912839175e-02 8.939301070488613055e-02 8.877229704598930959e-02 8.796792712101786371e-02 8.693004304217435974e-02 8.558426320434420198e-02
