-1.379415413847473182e-01 -1.225309427040237042e-01 -1.075222429709856292e-01 -9.290599754884248940e-02 -7.866532547395552188e-02 -6.478220817390309416e-02 -5.123725304241640716e-02 -3.801166079141180681e-02 -2.508678236778122753e-02 -1.383720090607940857e-02 1.778312972414229642e-02 5.633108320972228522e-02 1.029113890454395885e-01 1.587114061566096690e-01 2.250067811012622931e-01 3.031519469339508666e-01 3.945874652159638285e-01 5.008124289039997956e-01 6.233282739020266083e-01
-1.356417953051479164e-01 -1.203351645011774274e-01 -1.054208833237687271e-01 -9.088906351834984132e-02 -7.672559816213705974e-02 -6.291213137092593888e-02 -4.942896114372588579e-02 -3.626105774155830019e-02 -2.338937544554150344e-02 -1.218264857690305042e-02 1.932787747241227622e-02 5.776035268831557906e-02 1.042287691301661406e-01 1.599214791399589108e-01 2.261199928235478607e-01 3.041859543311425940e-01 3.955678955974699096e-01 5.017760759452625230e-01 6.243335909854058619e-01
-1.333892066452991298e-01 -1.181855668071283560e-01 -1.033624915251453169e-01 -8.891180996975722728e-02 -7.482206964599485977e-02 -6.107531722535668173e-02 -4.765509000164437625e-02 -3.454305829503087621e-02 -2.172362844491068645e-02 -1.055810777340986974e-02 2.084437862673932731e-02 5.916550805177477057e-02 1.055218227523510854e-01 1.611094626810069819e-01 2.272117305816719612e-01 3.051984689085423530e-01 3.965248215774290208e-01 5.027130840725005934e-01 6.253064795370241180e-01
-1.311810267592896373e-01 -1.160753081309571916e-01 -1.013401584087215562e-01 -8.697051605608846492e-02 -7.295242000141172189e-02 -5.927168388057304366e-02 -4.591136075474169104e-02 -3.285412207749518337e-02 -2.008463188661087709e-02 -8.961122850895380382e-03 2.233607318914116943e-02 6.054903005736210486e-02 1.067948433707793660e-01 1.622772380233675205e-01 2.282830261235379021e-01 3.061916001779527163e-01 3.974609024553342196e-01 5.036265157799871828e-01 6.262473468282726552e-01
-1.290141082296668851e-01 -1.140033920588234551e-01 -9.935419449238305778e-02 -8.506159888728728746e-02 -7.111434951124140369e-02 -5.749839946583134437e-02 -4.419533173970354584e-02 -3.119250910065916871e-02 -1.847080599935662509e-02 -7.388562305609735863e-03 2.380523909802779309e-02 6.190994550359437548e-02 1.080470147347529636e-01 1.634260331649938225e-01 2.293375080861817517e-01 3.071665692032137240e-01 3.983779113061077792e-01 5.045181719497456863e-01 6.271627291376266067e-01
-1.268846454848506222e-01 -1.119663151624145092e-01 -9.740049030205252811e-02 -8.318337049284395268e-02 -6.930477096332923748e-02 -5.575023563698420365e-02 -4.250526418832472481e-02 -2.955448577521481435e-02 -1.688147464693209518e-02 -5.840169349398882312e-03 2.525332100361921475e-02 6.325196044862191336e-02 1.092831446658851929e-01 1.645586620253634558e-01 2.303758393106886959e-01 3.081255800323609018e-01 3.992795568663358163e-01 5.053903970505942977e-01 6.280511981095787677e-01
-1.247906696651572556e-01 -1.099620274014888321e-01 -9.547698815075716938e-02 -8.133361917358078452e-02 -6.752241420525990911e-02 -5.402835064086503047e-02 -4.083910821905432226e-02 -2.793944188451144908e-02 -1.531376175021376997e-02 -4.311278229372141058e-03 2.668235152037134669e-02 6.457532587041205085e-02 1.105017404704457251e-01 1.656761124784060513e-01 2.313998632357973373e-01 3.090696230102096820e-01 4.001640595625977070e-01 5.062446365238284507e-01 6.289183695268995011e-01
-1.227297896221900553e-01 -1.079880943450279990e-01 -9.358202895900817608e-02 -7.951002093320620745e-02 -6.576331793686919502e-02 -5.232954732517280938e-02 -3.919583369775522103e-02 -2.634550204144292529e-02 -1.376666937385236274e-02 -2.801350346570693779e-03 2.809312867308318487e-02 6.588444596071613146e-02 1.117063073862142458e-01 1.667790598712635408e-01 2.324102995432590357e-01 3.099999828024577186e-01 4.010339992789220820e-01 5.070819084094561058e-01 6.297659770676601321e-01
-1.207005429566309351e-01 -1.060434834604791765e-01 -9.171411068309651138e-02 -7.771154380099787318e-02 -6.402881443013559715e-02 -5.065320629288608961e-02 -3.757208963294959847e-02 -2.477175237246958400e-02 -1.223841913603433869e-02 -1.310546458270486552e-03 2.948759661787558189e-02 6.717765460576466396e-02 1.128951731924704854e-01 1.678681563880844163e-01 2.334084095119532964e-01 3.109173725522985099e-01 4.018895096872643902e-01 5.079042045601845912e-01 6.305933231706530862e-01
-1.189201515257751335e-01 -1.043366159252554493e-01 -9.007404851861192108e-02 -7.613273583713484061e-02 -6.250518268130683674e-02 -4.918035737729958140e-02 -3.614689075455447542e-02 -2.338875976915503682e-02 -1.089501699644739550e-02 0.000000000000000000e+00 3.071408597277440131e-02 6.831491452446226964e-02 1.139431130578868051e-01 1.688276016425482029e-01 2.342850348991038223e-01 3.117230637320312359e-01 4.026407556279277267e-01 5.086221513119789650e-01 6.313140247660077309e-01
-1.138550884997649587e-01 -9.947575424626160789e-02 -8.539939931889423130e-02 -7.162765658547072534e-02 -5.815557578668673067e-02 -4.497377257541929074e-02 -3.207068630487928257e-02 -1.943448662263332072e-02 -7.052906441534177555e-03 3.748539863124380946e-03 3.422445839739319401e-02 7.157232590801547445e-02 1.169421662727714861e-01 1.715731600192458017e-01 2.367934323276718322e-01 3.140234285466685926e-01 4.047780499935221266e-01 5.106589608624539922e-01 6.333430254269956095e-01
-1.075586710860409051e-01 -9.342396853941709045e-02 -7.957112498725946170e-02 -6.600445543559231576e-02 -5.272115587187829050e-02 -3.971268147881543142e-02 -2.696933727851806920e-02 -1.448135828494732241e-02 -2.236344078753995865e-03 8.451905630903892505e-03 3.863149902147326731e-02 7.566552852666866280e-02 1.207122288016564959e-01 1.750233814630401674e-01 2.399417693743554625e-01 3.169024902244250708e-01 4.074400435988855818e-01 5.131775862966737600e-01 6.358264671527789069e-01
-9.978319336263888339e-02 -8.593615095846608709e-02 -7.234831226962606943e-02 -5.902499110008088690e-02 -4.596581823030668201e-02 -3.316485591151636242e-02 -2.061472325637507194e-02 -8.304837415971417711e-03 3.773042220128363343e-03 1.432266265609529431e-02 4.414309151436002915e-02 8.079084554097301640e-02 1.254369602666158268e-01 1.793468586035688317e-01 2.438837617201152219e-01 3.204980059593847130e-01 4.107458310222399933e-01 5.162803190584324131e-01 6.388500277325533938e-01
-9.025408486380857853e-02 -7.673950659136667685e-02 -6.345739107924933120e-02 -5.041814572193603627e-02 -3.762220791046898272e-02 -2.506588683132180209e-02 -1.274271510413361487e-02 -6.456833156522294838e-04 1.123419766455079939e-02 2.161824743481008046e-02 5.100499056748384469e-02 8.718508343547408390e-02 1.313402111156481145e-01 1.847550688626399817e-01 2.488086423525782687e-01 3.249770101013105816e-01 4.148423221714416798e-01 5.200891008226743439e-01 6.425098207358462821e-01
-7.867286271213867754e-02 -6.553060830321358332e-02 -5.259736156199399520e-02 -3.988101010951847908e-02 -2.738692762906330333e-02 -1.511252319356731245e-02 -3.053198512245184661e-03 8.796765913028439104e-03 2.044456603194271666e-02 3.063403287952129461e-02 5.951009647867492452e-02 9.513001097785431237e-02 1.386923440410987307e-01 1.914982878737562233e-01 2.549530802001462870e-01 3.305565617890655061e-01 4.199183720379170426e-01 5.247624673015086616e-01 6.469321627964037535e-01
-6.473184113766114467e-02 -5.199632732213410602e-02 -3.944561775693931904e-02 -2.708875367518406851e-02 -1.493133243985716660e-02 -2.974357190290525480e-03 8.786888156660408247e-03 2.035594512074096613e-02 3.173878507161279755e-02 4.170516404177226910e-02 6.998924824818392176e-02 1.049531386216349671e-01 1.478129993282427113e-01 1.998887429333685573e-01 2.626081651670193473e-01 3.375038039438150173e-01 4.262162015253531666e-01 5.305100792085685191e-01 6.522864676084271229e-01
-4.812426000573333945e-02 -3.582078916963903070e-02 -2.367604023772343705e-02 -1.170580880898478872e-02 8.582353715003507169e-05 1.169759214823341137e-02 2.313085130688986510e-02 3.438935587305960717e-02 4.547743790339223158e-02 5.519424963430042547e-02 8.281108807063344845e-02 1.170276112259066442e-01 1.590713196454852929e-01 2.102855335020303584e-01 2.721249865021277969e-01 3.461525961952329200e-01 4.340452950466353599e-01 5.376092765409922203e-01 6.588053106702168593e-01
-2.857186420574497551e-02 -1.670531735104334101e-02 -4.979272500367505107e-03 6.591657605883534214e-03 1.800164416125096811e-02 2.924853876222981500e-02 4.033392888930501657e-02 5.126074751904878546e-02 6.203086445959894724e-02 7.147820967847022533e-02 9.836576329448154521e-02 1.317519663372948013e-01 1.728761240861460269e-01 2.231021537758569873e-01 2.839119680093275533e-01 3.569016930791472642e-01 4.437877610122270000e-01 5.464192138493717543e-01 6.668130980278782483e-01
-5.835015053341929651e-03 5.608294886164984921e-03 1.692326255175776936e-02 2.809749821327852531e-02 3.912487871883452151e-02 5.000325554913432474e-02 6.073388222028750644e-02 7.131879916531552732e-02 8.176096060030720036e-02 9.092542992073615604e-02 1.170428043268812446e-01 1.495385853106835639e-01 1.896595763746455054e-01 2.387833848164442330e-01 2.984231399642061633e-01 3.702079922205035456e-01 4.558956539492671767e-01 5.573784215830269728e-01 6.767284979726191363e-01
