4.183132566234775140e-01 4.241966280465741534e-01 4.299980933371978509e-01 4.357222767288866372e-01 4.413741430769360097e-01 4.469579518514702476e-01 4.524769540944994506e-01 4.579334252228747237e-01 4.633320632529535077e-01 4.680833001669853499e-01 4.816964892254551045e-01 4.987953822373822899e-01 5.201632092152890241e-01 5.467167963412240539e-01 5.795111644106906157e-01 6.197453307587402760e-01 6.687611270261260010e-01 7.280395430871409168e-01 7.991937631096240890e-01
3.637835433644568406e-01 3.685924330722265552e-01 3.733082034079528988e-01 3.779336988617894577e-01 3.824734585355636929e-01 3.869333756186131845e-01 3.913144145737135760e-01 3.956209957373850727e-01 3.998549765735395778e-01 4.035616181001984160e-01 4.140707981301768870e-01 4.270391359122887587e-01 4.428843730784123300e-01 4.620327579215517955e-01 4.849074144078804882e-01 5.119506726947318231e-01 5.436842467797704526e-01 5.807782864776617204e-01 6.240394582650101718e-01
2.768415832923704079e-01 2.801736417575053095e-01 2.834239191062146168e-01 2.865994250467202020e-01 2.897080556902114634e-01 2.927531448144976012e-01 2.957403375698549053e-01 2.986754632711345891e-01 3.015609659595159253e-01 3.040865674087204207e-01 3.112641834255267526e-01 3.201742702917364514e-01 3.311798924783442288e-01 3.447048316572415838e-01 3.612222162418275984e-01 3.812406711900930278e-01 4.052712605376947996e-01 4.337778926186200423e-01 4.671100948674209996e-01
2.051336698309636497e-01 2.078113528539056176e-01 2.104343956559922291e-01 2.130090099324367103e-01 2.155387649311204801e-01 2.180286157259974655e-01 2.204808549057954703e-01 2.228982285687666764e-01 2.252822598666409382e-01 2.273750400251286774e-01 2.333461153173748970e-01 2.408009321930993651e-01 2.500493657655514235e-01 2.614415596192776192e-01 2.753547093138387081e-01 2.921727751456931754e-01 3.122603886388468086e-01 3.359339289669187600e-01 3.634628614616590703e-01
1.491970201255548856e-01 1.515369517146573364e-01 1.538324497052810658e-01 1.560875519177924720e-01 1.583060671303213596e-01 1.604911660205733115e-01 1.626424531982481880e-01 1.647646398615233154e-01 1.668586657897535575e-01 1.686972146476169720e-01 1.739428039104051471e-01 1.804882628724260585e-01 1.886034073304663494e-01 1.985874871370433559e-01 2.107624839977237652e-01 2.254643521488485236e-01 2.430320058569324093e-01 2.638191512255403937e-01 2.882138544142815451e-01
1.041478525632878460e-01 1.062615198896695590e-01 1.083342042352699180e-01 1.103706513278944618e-01 1.123743916325517234e-01 1.143473670780301571e-01 1.162898210974162849e-01 1.182053233613871573e-01 1.200961732336443405e-01 1.217546989383295614e-01 1.264894512439534990e-01 1.323955160613721760e-01 1.397195583970231303e-01 1.487355752967868816e-01 1.597463607198925106e-01 1.730874198528727370e-01 1.891223487449966434e-01 2.082558383779893330e-01 2.309226029790880930e-01
6.678490126490693735e-02 6.873084465133381948e-02 7.064162999801885945e-02 7.251810990644715071e-02 7.436313797245390489e-02 7.618009118947036140e-02 7.797071661857116198e-02 7.973670491645100389e-02 8.147859287481626356e-02 8.300827670265024938e-02 8.737304647141268255e-02 9.282452713321882876e-02 9.959174408941455503e-02 1.079410407688585205e-01 1.181742572592873047e-01 1.306333489677484194e-01 1.456999105534215466e-01 1.637885511846084718e-01 1.853251064540859250e-01
3.507933452202455921e-02 3.690046396725355643e-02 3.868730021897183458e-02 4.044322215926346442e-02 4.216953205226128126e-02 4.387164735046614195e-02 4.554830830419957788e-02 4.720126090568929622e-02 4.883381410066524320e-02 5.026739170977428256e-02 5.436211496051516351e-02 5.948116794253471146e-02 6.585166289947046170e-02 7.373226381258261852e-02 8.342636394526842247e-02 9.527812937437477037e-02 1.096689870776514919e-01 1.270039408270955961e-01 1.476869321720340744e-01
7.677679322180890227e-03 9.401556578623846902e-03 1.109334657621195881e-02 1.275620414257341677e-02 1.439308514647471941e-02 1.600510492703663065e-02 1.759439417807130354e-02 1.916295067151273235e-02 2.071157777937211383e-02 2.207375670927309158e-02 2.596491863736615988e-02 3.083841522532513799e-02 3.691368060667116896e-02 4.444975459486634473e-02 5.374566276622017025e-02 6.514396461773643010e-02 7.901538037383497304e-02 9.575187581523968150e-02 1.157357461033375889e-01
-1.383720090607940857e-02 -1.218264857690305042e-02 -1.055810777340986974e-02 -8.961122850895380382e-03 -7.388562305609735863e-03 -5.840169349398882312e-03 -4.311278229372141058e-03 -2.801350346570693779e-03 -1.310546458270486552e-03 0.000000000000000000e+00 3.748539863124380946e-03 8.451905630903892505e-03 1.432266265609529431e-02 2.161824743481008046e-02 3.063403287952129461e-02 4.170516404177226910e-02 5.519424963430042547e-02 7.147820967847022533e-02 9.092542992073615604e-02
-6.549678162989795716e-02 -6.398665395632131825e-02 -6.250105400830820168e-02 -6.103959351779238846e-02 -5.959990758593126936e-02 -5.817770770480737430e-02 -5.677510267967686430e-02 -5.538744682560944183e-02 -5.401681674129113486e-02 -5.280967014154324540e-02 -4.935012012820388233e-02 -4.500112597466309622e-02 -3.955550026583059403e-02 -3.277067323146921896e-02 -2.436338384779758101e-02 -1.402413926387120237e-02 -1.413973860980218336e-03 1.381194360992109987e-02 3.198963272037398664e-02
-1.161923453151521707e-01 -1.147984320805790770e-01 -1.134272593517335892e-01 -1.120768393449334405e-01 -1.107438574682886590e-01 -1.094278736439485145e-01 -1.081275856999610319e-01 -1.068422329765459644e-01 -1.055689010119222615e-01 -1.044483119705974516e-01 -1.012339238969524463e-01 -9.718772847615214650e-02 -9.211379226695835809e-02 -8.578727431775202972e-02 -7.794569039633560126e-02 -6.829992239246027164e-02 -5.653967512398888617e-02 -4.234802822845965681e-02 -2.541928936581754755e-02
-1.660114878457465970e-01 -1.647204157934435698e-01 -1.634484494082812378e-01 -1.621953334084122456e-01 -1.609589119533222923e-01 -1.597372149950438136e-01 -1.585295245599243341e-01 -1.573350934328725248e-01 -1.561527702480882684e-01 -1.551114682910826326e-01 -1.521246386717135801e-01 -1.483618164446871279e-01 -1.436451861971626831e-01 -1.377638131983014436e-01 -1.304767143604504132e-01 -1.215172261941901005e-01 -1.106021770014336408e-01 -9.744325472959808332e-02 -8.176287621815775397e-02
-2.152745306238487977e-01 -2.140797895104418480e-01 -2.129033855233425088e-01 -2.117445281445221872e-01 -2.106007556085759680e-01 -2.094705768520075395e-01 -2.083533746929063513e-01 -2.072482787179656116e-01 -2.061547927485820608e-01 -2.051918097579112088e-01 -2.024296393212267897e-01 -1.989503092896523495e-01 -1.945912773687167585e-01 -1.891585823645794695e-01 -1.824308921126672478e-01 -1.741676881754243289e-01 -1.641098295186126654e-01 -1.519996161301897797e-01 -1.375897887625772420e-01
-2.644792270994569261e-01 -2.633826780631047804e-01 -2.623030620909700406e-01 -2.612392925743642902e-01 -2.601894037622495826e-01 -2.591525252789935174e-01 -2.581277506716953551e-01 -2.571146776010058144e-01 -2.561126054522210316e-01 -2.552287681477631853e-01 -2.526968987383830245e-01 -2.495098970538395522e-01 -2.455187738651468388e-01 -2.405485761378142184e-01 -2.344000246576244950e-01 -2.268568410604687724e-01 -2.176870112682862124e-01 -2.066634279041296707e-01 -1.935730339589757654e-01
-3.142970608850453873e-01 -3.133024104833313506e-01 -3.123240549947960409e-01 -3.113598093019612212e-01 -3.104089596593182510e-01 -3.094706019035196043e-01 -3.085427617728714322e-01 -3.076256878848944720e-01 -3.067184429733005313e-01 -3.059198522481990090e-01 -3.036313629849707874e-01 -3.007516631124525497e-01 -2.971495190727703739e-01 -2.926681597136516766e-01 -2.871318630909686642e-01 -2.803485795768192457e-01 -2.721199766513939799e-01 -2.622489931761871618e-01 -2.505579589353879033e-01
-3.655927467460042268e-01 -3.647081168801514783e-01 -3.638386273702022833e-01 -3.629819390325626505e-01 -3.621375660723050727e-01 -3.613048501360657250e-01 -3.604816624943386061e-01 -3.596683029291894984e-01 -3.588640938710848660e-01 -3.581564537011855953e-01 -3.561291076746662676e-01 -3.535835871189482171e-01 -3.504003941291724544e-01 -3.464474431802156973e-01 -3.415727893951412408e-01 -3.356133891623538923e-01 -3.284027060392302744e-01 -3.197797032445770515e-01 -3.096032372334099336e-01
-4.194326669449979228e-01 -4.186683493382380439e-01 -4.179176986726117482e-01 -4.171789847370998006e-01 -4.164510731600095661e-01 -4.157337458303997368e-01 -4.150255162729451497e-01 -4.143266823978196123e-01 -4.136349878197426166e-01 -4.130271533134796114e-01 -4.112879231245786249e-01 -4.091067358290197964e-01 -4.063851918641944172e-01 -4.030126140760945108e-01 -3.988645300825143236e-01 -3.938092879028390891e-01 -3.877150918302241234e-01 -3.804582916686652383e-01 -3.719391470131013233e-01
-4.769287088341220837e-01 -4.762957983774445681e-01 -4.756748973017582149e-01 -4.750649949853745779e-01 -4.744651934629043888e-01 -4.738740979050702351e-01 -4.732916703890419075e-01 -4.727170282677859992e-01 -4.721496118454991953e-01 -4.716509317961650738e-01 -4.702263955880959800e-01 -4.684441548444579495e-01 -4.662269916735796715e-01 -4.634880105016359608e-01 -4.601313041461225217e-01 -4.560594383307092214e-01 -4.511743282318965154e-01 -4.453932761711451027e-01 -4.386539115949382728e-01
