9.806007481310107323e+03 9.806007481310107323e+03 9.806007481310107323e+03 9.806007481310107323e+03 9.806007481310107323e+03 9.806007481310107323e+03 9.806007481310107323e+03 9.806007481310107323e+03 9.806007481310107323e+03 9.806007481310107323e+03 9.806007481310107323e+03 9.806007481310107323e+03 9.806007481310107323e+03 9.806007481310107323e+03 9.806007481310107323e+03 9.806007481310107323e+03 9.806007481310107323e+03 9.806007481310107323e+03 9.806007481310107323e+03
4.870551843884391441e-01 4.867695683740183576e-01 4.864824131204389390e-01 4.861984758305802901e-01 4.859130887742026395e-01 4.856273764041022512e-01 4.853428304754328626e-01 4.850579216494296797e-01 4.847729501080239034e-01 4.845200539374768245e-01 4.837831268285217035e-01 4.828327918348783165e-01 4.816073633255076314e-01 4.800295569492928904e-01 4.779991172970422530e-01 4.753915121277753064e-01 4.720466553937692211e-01 4.677708924531169266e-01 4.623295269158004261e-01
3.099997676805759106e-01 3.097512310015790860e-01 3.095024442194640457e-01 3.092541823838952930e-01 3.090060748264237822e-01 3.087567089860564495e-01 3.085098066957855933e-01 3.082619076867009200e-01 3.080138352410208280e-01 3.077937513943652670e-01 3.071513475914461888e-01 3.063253545257708654e-01 3.052591686475019106e-01 3.038858869504200699e-01 3.021186774864129676e-01 2.998477487870597202e-01 2.969353284956873784e-01 2.932111223787692844e-01 2.884711539901431698e-01
2.169545322958626454e-01 2.167250215161948823e-01 2.164946657163991095e-01 2.162664016801101041e-01 2.160371829165539659e-01 2.158081921732163677e-01 2.155789353895200822e-01 2.153503942389290715e-01 2.151209241237730108e-01 2.149184392758241302e-01 2.143261440997011880e-01 2.135628547127527144e-01 2.125786592009247244e-01 2.113102899913411603e-01 2.096790600881068001e-01 2.075831539706289863e-01 2.048942159128146479e-01 2.014553147662442589e-01 1.970778578587533691e-01
1.552866348951820186e-01 1.550696370485691034e-01 1.548523843980312564e-01 1.546361411255978424e-01 1.544193720007007442e-01 1.542022744767509723e-01 1.539865253388542632e-01 1.537703436443821903e-01 1.535540494991892990e-01 1.533619454771852908e-01 1.528022232721858720e-01 1.520806329343943053e-01 1.511491336981053701e-01 1.499519887809240837e-01 1.484098051346532943e-01 1.464277883959960447e-01 1.438846745945568939e-01 1.406331349483133930e-01 1.364951826662564316e-01
1.098204911673025946e-01 1.096128071570590667e-01 1.094053197372952813e-01 1.091977502547980955e-01 1.089895118998879808e-01 1.087830202437338190e-01 1.085758194840347329e-01 1.083686021572742297e-01 1.081616002221097161e-01 1.079775221768387861e-01 1.074418161552158080e-01 1.067501407608039549e-01 1.058590614896295634e-01 1.047123682613016193e-01 1.032352589155602351e-01 1.013373867244612425e-01 9.890266388090764027e-02 9.578860544296741164e-02 9.182424117173346167e-02
7.415567475506942841e-02 7.395518851944046790e-02 7.375470772452848156e-02 7.355440903226698190e-02 7.335415372539251522e-02 7.315411779536616643e-02 7.295301212598015450e-02 7.275410274404933708e-02 7.255420542627631642e-02 7.237645921971713747e-02 7.185917653563959895e-02 7.119206269945319021e-02 7.033089728811627028e-02 6.922425089524124331e-02 6.779843490731193856e-02 6.596599832230759519e-02 6.361500283229826191e-02 6.060863460745313791e-02 5.678067775401907102e-02
4.501597793578322737e-02 4.482073645625832964e-02 4.462685712907849683e-02 4.443237265551441828e-02 4.423796445668213423e-02 4.404332020675449239e-02 4.384934192546808412e-02 4.365411312483519907e-02 4.346131835094631246e-02 4.328840515461374744e-02 4.278604125237504829e-02 4.213894915383196299e-02 4.130411836810714971e-02 4.022820722995055359e-02 3.884372397714998953e-02 3.706501799656454488e-02 3.478165903204246540e-02 3.186330086956934426e-02 2.814677052787222661e-02
2.050980834380499579e-02 2.032081285057609973e-02 2.013056982630750599e-02 1.994165393612636755e-02 1.975221061833284594e-02 1.956283764525268420e-02 1.937345644759808430e-02 1.918422350460332465e-02 1.899504097716283799e-02 1.882703738261092344e-02 1.833625970235498032e-02 1.770608344487187638e-02 1.689206327449364539e-02 1.584360795857099602e-02 1.449407516529471925e-02 1.275880343681115060e-02 1.053371786135090353e-02 7.688826014552354281e-03 4.065358201683527337e-03
1.650190207536239659e-03 1.464287048079858985e-03 1.278284411978502719e-03 1.092650187773248687e-03 9.068244139418099505e-04 7.210113061908221804e-04 5.349613122330813255e-04 3.500365519718263941e-04 1.647587396230222622e-04 0.000000000000000000e+00 -4.801057187521447548e-04 -1.098456876615858720e-03 -1.897072662519918565e-03 -2.924130264785995258e-03 -4.246677037924299035e-03 -5.947107940016848303e-03 -8.127809733065146508e-03 -1.091724407220335570e-02 -1.446943151400982737e-02
-4.243388171820016569e-02 -4.261083449355114461e-02 -4.278793485210384551e-02 -4.296484249639716951e-02 -4.314286016310150962e-02 -4.331949571116292669e-02 -4.349616098694307487e-02 -4.367266707852303365e-02 -4.384910309773601411e-02 -4.400583157588887351e-02 -4.446351460243735954e-02 -4.505364823936918589e-02 -4.581309442136147214e-02 -4.679212029186079896e-02 -4.805256079747446951e-02 -4.967212494597038341e-02 -5.175130948740355730e-02 -5.440926302358751326e-02 -5.779430805203122218e-02
-8.413440916735760722e-02 -8.430333995796232549e-02 -8.447217630914130582e-02 -8.464113910071460745e-02 -8.481033901753719240e-02 -8.497882243631094124e-02 -8.514767345441917601e-02 -8.531555900597896647e-02 -8.548395236005613962e-02 -8.563355215526104181e-02 -8.606981604441803213e-02 -8.663145995836221691e-02 -8.735707226271402503e-02 -8.829038761416996284e-02 -8.949152190163228715e-02 -9.103696891990645246e-02 -9.301752651117672910e-02 -9.555249648214027280e-02 -9.878025127646278269e-02
-1.234957903456063988e-01 -1.236568820331786084e-01 -1.238188396983656708e-01 -1.239798767678027130e-01 -1.241402977250346262e-01 -1.243008703256550107e-01 -1.244623489379767939e-01 -1.246225146754014884e-01 -1.247832320578764059e-01 -1.249259380221921928e-01 -1.253418053191615311e-01 -1.258779389292880024e-01 -1.265696195013627512e-01 -1.274601880565684464e-01 -1.286066559519371544e-01 -1.300801915162853872e-01 -1.319711210269192414e-01 -1.343897098952297753e-01 -1.374702739584506006e-01
-1.605457496402748485e-01 -1.606999203145153265e-01 -1.608535825554049670e-01 -1.610073851791015143e-01 -1.611609993917240968e-01 -1.613146438520321191e-01 -1.614680440909440629e-01 -1.616219039532096891e-01 -1.617750413158948464e-01 -1.619119188396127285e-01 -1.623083703802050970e-01 -1.628204882548260068e-01 -1.634812010910737523e-01 -1.643315509524352902e-01 -1.654259132192610060e-01 -1.668328522676133241e-01 -1.686384104857165389e-01 -1.709476157698162635e-01 -1.738890742514205556e-01
-1.952974735341555246e-01 -1.954445240537041328e-01 -1.955916161427725120e-01 -1.957385400769900419e-01 -1.958855014908543746e-01 -1.960321175695502183e-01 -1.961791176222463517e-01 -1.963255925044454508e-01 -1.964722028440804014e-01 -1.966024331010217674e-01 -1.969818950370254285e-01 -1.974711560548147449e-01 -1.981022866572323127e-01 -1.989151362712011373e-01 -1.999613861983674523e-01 -2.013062925914191614e-01 -2.030317083745209750e-01 -2.052393542575317031e-01 -2.080508027029037421e-01
-2.277487359749107154e-01 -2.278893925156010858e-01 -2.280298668271452389e-01 -2.281708442745153109e-01 -2.283112811496617045e-01 -2.284524624868677356e-01 -2.285920394400960953e-01 -2.287324180966456011e-01 -2.288727250691074688e-01 -2.289976103703984245e-01 -2.293604158594697018e-01 -2.298288630020606238e-01 -2.304329269609396713e-01 -2.312103274328801972e-01 -2.322113021612291495e-01 -2.334983297514156286e-01 -2.351496332185457061e-01 -2.372619580231525305e-01 -2.399526003419756304e-01
-2.578853758947172170e-01 -2.580202469640934804e-01 -2.581550627793584018e-01 -2.582896878157397436e-01 -2.584244143295591489e-01 -2.585595635534077008e-01 -2.586935194076879774e-01 -2.588279450385611580e-01 -2.589623340277485419e-01 -2.590817916306743518e-01 -2.594296795828781588e-01 -2.598783369464828796e-01 -2.604574858139825921e-01 -2.612021429629721170e-01 -2.621617351287379716e-01 -2.633948468190758785e-01 -2.649768157521315004e-01 -2.670017432645269695e-01 -2.695796614953545056e-01
-2.856847096016359444e-01 -2.858140621117317703e-01 -2.859437385628402772e-01 -2.860725869113112663e-01 -2.862020127131944536e-01 -2.863312720185615112e-01 -2.864603651329373224e-01 -2.865894603195924262e-01 -2.867189906295585788e-01 -2.868328739168900521e-01 -2.871670570485594376e-01 -2.875975740240307443e-01 -2.881527484191619415e-01 -2.888681666475259591e-01 -2.897888535392706411e-01 -2.909726735957558486e-01 -2.924911898827703416e-01 -2.944343854935528304e-01 -2.969092833815220600e-01
-3.111223733447656681e-01 -3.112468155664804281e-01 -3.113711826753652878e-01 -3.114956464800275326e-01 -3.116197884017853359e-01 -3.117441543543084670e-01 -3.118682494582276643e-01 -3.119923772688475427e-01 -3.121163838283328995e-01 -3.122265631804215791e-01 -3.125478297093006730e-01 -3.129618757386797845e-01 -3.134958332797793124e-01 -3.141837579795374036e-01 -3.150692880444173061e-01 -3.162074609467014352e-01 -3.176682262487297570e-01 -3.195374456526437479e-01 -3.219171341812742670e-01
