9.806007481310107323e+03 9.806007481310107323e+03 9.806007481310107323e+03 9.806007481310107323e+03 9.806007481310107323e+03 9.806007481310107323e+03 9.806007481310107323e+03 9.806007481310107323e+03 9.806007481310107323e+03 9.806007481310107323e+03 9.806007481310107323e+03 9.806007481310107323e+03 9.806007481310107323e+03 9.806007481310107323e+03 9.806007481310107323e+03 9.806007481310107323e+03 9.806007481310107323e+03 9.806007481310107323e+03 9.806007481310107323e+03
3.659709319995059218e-01 3.808300557514709417e-01 3.952436626672508613e-01 4.092386601051407613e-01 4.228447052336004597e-01 4.360849121355132585e-01 4.489831493277470220e-01 4.615625299197019249e-01 4.738415065240556001e-01 4.845200539374768245e-01 5.144919173411381941e-01 5.509578303012589995e-01 5.949471236402544827e-01 6.475739302207863535e-01 7.100804165072011065e-01 7.838760605503269918e-01 8.706159837178593097e-01 9.722726003960655561e-01 1.091262107664460856e+00
2.047159300321624575e-01 2.176509660842695926e-01 2.301956779696279209e-01 2.423729516968251563e-01 2.542061654118090153e-01 2.657178482470500813e-01 2.769289669193711889e-01 2.878580271908110499e-01 2.985228303433599684e-01 3.077937513943652670e-01 3.337982189739021610e-01 3.654034760345023503e-01 4.034734400773640761e-01 4.489421501311359752e-01 5.028352190036602387e-01 5.663062788081524301e-01 6.406887376972142389e-01 7.275580778881731714e-01 8.288115001895374201e-01
1.198538627795415756e-01 1.317907716051260059e-01 1.433626668539310367e-01 1.545971188307743993e-01 1.655122516825698331e-01 1.761290118123303716e-01 1.864663310912526850e-01 1.965428851503371599e-01 2.063736595984665134e-01 2.149184392758241302e-01 2.388782112705854777e-01 2.679827229456579474e-01 3.030165474466399722e-01 3.448229774985134832e-01 3.943261569445440928e-01 4.525567872566476635e-01 5.207022976969030159e-01 6.001608139533891606e-01 6.925966588291995185e-01
6.356884387877449749e-02 7.484540285943559745e-02 8.577976587484474613e-02 9.639195126863622787e-02 1.067024460556716126e-01 1.167307553715193347e-01 1.264941079059110352e-01 1.360106050762428520e-01 1.452939902799224581e-01 1.533619454771852908e-01 1.759808474922165689e-01 2.034475227713202217e-01 2.364950160717537997e-01 2.759092648711621854e-01 3.225501595667931154e-01 3.773711386444103533e-01 4.414711499564969444e-01 5.161350291277441160e-01 6.028912879281272952e-01
2.204936867048871291e-02 3.284279535869112643e-02 4.330759443204329484e-02 5.346404580893495545e-02 6.333106982489793146e-02 7.292790525134229540e-02 8.227101174863474253e-02 9.137630062036093681e-02 1.002588816150861706e-01 1.079775221768387861e-01 1.296152706065415994e-01 1.558837525554666870e-01 1.874796785166392699e-01 2.251490857399454648e-01 2.697004028902981188e-01 3.220384081344250249e-01 3.831967874188031420e-01 4.543823712871038478e-01 5.370281418737340440e-01
-1.053151912083010247e-02 -1.161629898409613699e-04 9.980864648260590055e-03 1.978079011955941741e-02 2.930234424654774156e-02 3.856077273497671848e-02 4.757614311441331345e-02 5.636118963004736054e-02 6.493007595863556358e-02 7.237645921971713747e-02 9.324728856683769940e-02 1.185821672738507776e-01 1.490477057261281602e-01 1.853577754474189099e-01 2.282856079458494558e-01 2.786924200361716175e-01 3.375664200374472457e-01 4.060550658757224318e-01 4.855194179236893559e-01
-3.715879516889681461e-02 -2.705229803016115722e-02 -1.725436969945852092e-02 -7.745289209271375222e-03 1.494679675706185725e-03 1.047844776254630225e-02 1.922625127886230800e-02 2.774985380864272363e-02 3.606307358431348059e-02 4.328840515461374744e-02 6.353749658594705363e-02 8.811162209991835192e-02 1.176582180623429313e-01 1.528629094385400289e-01 1.944733375212582271e-01 2.433145311307893521e-01 3.003367247676858032e-01 3.666412566738621592e-01 4.435331967257844510e-01
-5.955807504067275188e-02 -4.971092239676738050e-02 -4.016226566973595674e-02 -3.089618525766559681e-02 -2.189501130886382582e-02 -1.313966920394470279e-02 -4.617721885390003479e-03 3.687673076128307904e-03 1.178824900641174504e-02 1.882703738261092344e-02 3.855365663139309618e-02 6.249077754894749592e-02 9.126822090876623994e-02 1.255494413127655196e-01 1.660550337683424083e-01 2.135883199823026823e-01 2.690634183718523254e-01 3.335447326569773163e-01 4.082901651728201853e-01
-7.679969070249652308e-02 -6.715113384808299446e-02 -5.779616363824309488e-02 -4.871725766870208668e-02 -3.989717026789371679e-02 -3.131952269562995189e-02 -2.296915497901700839e-02 -1.483223047604126377e-02 -6.896734768229230081e-03 0.000000000000000000e+00 1.932483539950251988e-02 4.277586270698120752e-02 7.096179199506505442e-02 1.045341914017885732e-01 1.441959557321409457e-01 1.907266686747339235e-01 2.450163794478130985e-01 3.081021465751827004e-01 3.812080302295671186e-01
-1.171131176420127790e-01 -1.079279075112428848e-01 -9.902265056994720427e-02 -9.037990676607071672e-02 -8.198347832316529860e-02 -7.381794912374886608e-02 -6.587017929339591960e-02 -5.812404225809555958e-02 -5.056975045233719213e-02 -4.400583157588887351e-02 -2.561307308155005499e-02 -3.299299200453256319e-03 2.351385733645550147e-02 5.543951263392673384e-02 9.313683820504448097e-02 1.373400372568819860e-01 1.888815881163008470e-01 2.487335771979176657e-01 3.180404842090863715e-01
-1.552618303221697804e-01 -1.465138742450629028e-01 -1.380320535502897739e-01 -1.298004072765072958e-01 -1.218029139309253633e-01 -1.140261391070186842e-01 -1.064556420296527139e-01 -9.907889754886373135e-02 -9.188430067603507723e-02 -8.563355215526104181e-02 -6.811834984439525675e-02 -4.687334456209144712e-02 -2.134935752672164483e-02 9.029439486048217514e-03 4.488592085749493199e-02 8.690647124987285754e-02 1.358740905346382255e-01 1.927001519928696061e-01 2.584566847288354841e-01
-1.912832273103555192e-01 -1.829465291000529625e-01 -1.748633280899554998e-01 -1.670182699527927861e-01 -1.593965657815231973e-01 -1.519845626051118392e-01 -1.447695545225878289e-01 -1.377393687852152826e-01 -1.308830228040808175e-01 -1.249259380221921928e-01 -1.082357317672218433e-01 -8.799285731918525533e-02 -6.367977141836245192e-02 -3.474963012779875432e-02 -6.183403581879520555e-04 3.935975655475398849e-02 8.592017624872771986e-02 1.399186979952077581e-01 2.023617730077048038e-01
-2.252010272686315595e-01 -2.172502528619258133e-01 -2.095406803475363400e-01 -2.020582176413089626e-01 -1.947887082199602771e-01 -1.877192343705939570e-01 -1.808377876262344808e-01 -1.741322231433982681e-01 -1.675932299895532829e-01 -1.619119188396127285e-01 -1.459936336114357747e-01 -1.266902137869644063e-01 -1.035095149161107120e-01 -7.593527134867965322e-02 -4.341618128525448483e-02 -5.345295483842236149e-03 3.896818003724238783e-02 9.032920323299065135e-02 1.496840291737251416e-01
-2.570238215361616563e-01 -2.494347366458521675e-01 -2.420741199711094471e-01 -2.349312823039677312e-01 -2.279906571448911679e-01 -2.212413538027477866e-01 -2.146711936076608762e-01 -2.082703499864021757e-01 -2.020269613450927093e-01 -1.966024331010217674e-01 -1.814064181312996515e-01 -1.629807070836511718e-01 -1.408572600954191290e-01 -1.145468388349542982e-01 -8.353009083244243571e-02 -4.723565653999958064e-02 -5.014297209420338734e-03 4.389370966750010677e-02 1.003773961668326248e-01
-2.867482513418494472e-01 -2.794939006790768676e-01 -2.724598631477850308e-01 -2.656321801987087117e-01 -2.589990540713101863e-01 -2.525478512026044231e-01 -2.462680477815446523e-01 -2.401491419529449833e-01 -2.341816751372401972e-01 -2.289976103703984245e-01 -2.144732049848820932e-01 -1.968639148927714411e-01 -1.757224729193677948e-01 -1.505878138191494853e-01 -1.209663860232943616e-01 -8.632001044482413843e-02 -4.603746074921466480e-02 5.951832099435221991e-04 5.441823698430588857e-02
-3.143561872588696016e-01 -3.074144045424497818e-01 -3.006821659698190596e-01 -2.941474781186369514e-01 -2.877985153588557554e-01 -2.816242000214482788e-01 -2.756128904845336347e-01 -2.697560243931796387e-01 -2.640441120272429276e-01 -2.590817916306743518e-01 -2.451799516985911642e-01 -2.283262104331216236e-01 -2.080946931537900613e-01 -1.840461364975787273e-01 -1.557145084955445791e-01 -1.225913545361572710e-01 -8.409988805183618576e-02 -3.956639331219403283e-02 1.180218354441795597e-02
-3.398272194578657590e-01 -3.331729737206001185e-01 -3.267182656558239029e-01 -3.204536337785975353e-01 -3.143663008294703687e-01 -3.084460639503106560e-01 -3.026829427426683261e-01 -2.970674723354980729e-01 -2.915906563870631074e-01 -2.868328739168900521e-01 -2.735040437397562862e-01 -2.573454438981057635e-01 -2.379515015117753263e-01 -2.149025029237088824e-01 -1.877563972148579285e-01 -1.560320236354869605e-01 -1.191846304591265004e-01 -7.657815610111234905e-02 -2.746260708390879310e-02
-3.631347638724117810e-01 -3.567427521917233002e-01 -3.505430672064913655e-01 -3.445249402838846953e-01 -3.386772596265608115e-01 -3.329901979838394976e-01 -3.274536767097381840e-01 -3.220587964620244548e-01 -3.167974946665102487e-01 -3.122265631804215791e-01 -2.994218453119819601e-01 -2.838994144454164426e-01 -2.652699092909159284e-01 -2.431336810042442065e-01 -2.170694325480229392e-01 -1.866210739668951180e-01 -1.512728403311386360e-01 -1.104227179808623949e-01 -6.335879322129507607e-02
