9.806007481310107323e+03 9.806007481310107323e+03 9.806007481310107323e+03 9.806007481310107323e+03 9.806007481310107323e+03 9.806007481310107323e+03 9.806007481310107323e+03 9.806007481310107323e+03 9.806007481310107323e+03 9.806007481310107323e+03 9.806007481310107323e+03 9.806007481310107323e+03 9.806007481310107323e+03 9.806007481310107323e+03 9.806007481310107323e+03 9.806007481310107323e+03 9.806007481310107323e+03 9.806007481310107323e+03 9.806007481310107323e+03
2.882023170685178437e-01 3.123424051013095615e-01 3.359257336965169038e-01 3.589579592389756657e-01 3.814556140803920803e-01 4.034387437435524304e-01 4.249355824139065541e-01 4.459694322274599942e-01 4.665637309463955273e-01 4.845200539374768245e-01 5.351416585487959177e-01 5.971419056913210843e-01 6.724703173594061001e-01 7.632917032378664368e-01 8.720367035587784921e-01 1.001487296386369019e+00 1.154908065557338048e+00 1.336265082743163912e+00 1.550583910844257840e+00
1.408724693090625535e-01 1.613828297347190688e-01 1.814263079670172252e-01 2.010062879619113618e-01 2.201360189554360802e-01 2.388321110960881510e-01 2.571148442476656748e-01 2.750046943935511856e-01 2.925211844059634192e-01 3.077937513943652670e-01 3.508446116055177200e-01 4.035522475042102597e-01 4.675447725887983963e-01 5.446026880237674339e-01 6.366931883503308409e-01 7.459914065938144656e-01 8.749586265611276614e-01 1.026423057368577529e+00 1.203719766729410834e+00
6.289155420554723430e-02 8.156185262238971334e-02 9.981134752286986711e-02 1.176422404538595284e-01 1.350648242306365931e-01 1.520945869386222116e-01 1.687491582754153396e-01 1.850455289100144396e-01 2.010034247889688763e-01 2.149184392758241302e-01 2.541390392903783435e-01 3.021526324799624352e-01 3.604326870591136323e-01 4.305810216529586953e-01 5.143468381130408273e-01 6.136474033162117037e-01 7.306048160302246464e-01 8.675964473314055070e-01 1.027315803071892297e+00
1.100647719664615137e-02 2.848334928416396475e-02 4.556790702458787812e-02 6.226243955313758710e-02 7.857633584664013016e-02 9.452293895873198348e-02 1.101209460951257380e-01 1.253832707834033888e-01 1.403289185948135009e-01 1.533619454771852908e-01 1.900965035871466091e-01 2.350663263202491249e-01 2.896428809358030931e-01 3.553214186580856970e-01 4.337129762322817217e-01 5.265826107861226735e-01 6.358514687595041570e-01 7.636367331723659113e-01 9.122813788156973747e-01
-2.734504610151771917e-02 -1.073706671317609281e-02 5.500873710942237246e-03 2.136884935026294591e-02 3.687694707190839610e-02 5.203648852651016760e-02 6.686551129467169230e-02 8.137672534496630250e-02 9.558708318527889269e-02 1.079775221768387861e-01 1.429053484130274054e-01 1.856629643239964822e-01 2.375529424637420894e-01 2.999858604692839936e-01 3.744867399509935746e-01 4.627039351601633377e-01 5.664275453641498537e-01 6.876028959750021263e-01 8.283397642934073879e-01
-5.748739521763902849e-02 -4.155311083661235999e-02 -2.597277591250937018e-02 -1.074578643037196919e-02 4.136300403518156261e-03 1.868599888748524729e-02 3.291700613112977236e-02 4.684467432070484050e-02 6.048298614953091790e-02 7.237645921971713747e-02 1.059020680365845152e-01 1.469431390938417681e-01 1.967471473403332727e-01 2.566653567512364731e-01 3.281511924801668867e-01 4.127713695790177217e-01 5.122167843222489303e-01 6.283029452465465070e-01 7.629766692108114201e-01
-8.215215076946855155e-02 -6.676373903139194710e-02 -5.171636663218315971e-02 -3.700968732017344970e-02 -2.263401796678374614e-02 -8.579023702234515186e-03 5.168345003450296876e-03 1.862309279106000998e-02 3.179915520271588136e-02 4.328840515461374744e-02 7.567807838625043027e-02 1.153284871616187673e-01 1.634453752816010796e-01 2.213281682243503912e-01 2.903752900083904076e-01 3.720887651566071597e-01 4.680771285038447527e-01 5.800664046242831606e-01 7.098713599700103849e-01
-1.029203573305756125e-01 -8.798765529823361631e-02 -7.338475507244650309e-02 -5.911137713770159285e-02 -4.516056110838802956e-02 -3.151890761031875265e-02 -1.817516747770087093e-02 -5.115458627931199903e-03 7.674113160315721403e-03 1.882703738261092344e-02 5.026709215835713923e-02 8.875678509563675322e-02 1.354637759633503802e-01 1.916465737869917640e-01 2.586607494086797798e-01 3.379506492548939312e-01 4.310648585835848978e-01 5.396453490883972304e-01 6.654117334713600673e-01
-1.189201515257751335e-01 -1.043366159252554493e-01 -9.007404851861192108e-02 -7.613273583713484061e-02 -6.250518268130683674e-02 -4.918035737729958140e-02 -3.614689075455447542e-02 -2.338875976915503682e-02 -1.089501699644739550e-02 0.000000000000000000e+00 3.071408597277440131e-02 6.831491452446226964e-02 1.139431130578868051e-01 1.688276016425482029e-01 2.342850348991038223e-01 3.117230637320312359e-01 4.026407556279277267e-01 5.086221513119789650e-01 6.313140247660077309e-01
-1.563715162507143264e-01 -1.425971555284401560e-01 -1.291232951347877911e-01 -1.159519925561321996e-01 -1.030764204296095027e-01 -9.048490174429216215e-02 -7.816737813720482653e-02 -6.611086640062546760e-02 -5.430292337978924466e-02 -4.400583157588887351e-02 -1.497578925403392387e-02 2.056426071081815521e-02 6.369354063517355946e-02 1.155662611134918027e-01 1.774204381800647545e-01 2.505722703648903815e-01 3.364135318895972171e-01 4.363974153525247424e-01 5.520070196105869575e-01
-1.918667962916234815e-01 -1.788483671547465570e-01 -1.661137942267401635e-01 -1.536620662307736640e-01 -1.414889959672661623e-01 -1.295844459863429721e-01 -1.179378327145840649e-01 -1.065372309960357644e-01 -9.537185612910863142e-02 -8.563355215526104181e-02 -5.817861655353019634e-02 -2.456509983214906837e-02 1.622447773528373077e-02 6.528145876131735692e-02 1.237681827255639327e-01 1.929197192081925638e-01 2.740272496314780093e-01 3.684293583907871095e-01 4.774693502208449680e-01
-2.254316108632051230e-01 -2.131194023819175387e-01 -2.010735986198481928e-01 -1.892950917034202096e-01 -1.777792886895322721e-01 -1.665154483482365055e-01 -1.554953416026401691e-01 -1.447076314666915220e-01 -1.341411531740921426e-01 -1.249259380221921928e-01 -9.894305637785091867e-02 -6.713001002418199359e-02 -2.852460473550530104e-02 1.790203145950049896e-02 7.324816485755585027e-02 1.386658549330888335e-01 2.153634850875799922e-01 3.045748298569397328e-01 4.075175517856886032e-01
-2.570785138460447983e-01 -2.454244930886015641e-01 -2.340211177711094825e-01 -2.228690545345343721e-01 -2.119649222666518396e-01 -2.012998627707584809e-01 -1.908640720343884878e-01 -1.806466931905026940e-01 -1.706392637152181480e-01 -1.619119188396127285e-01 -1.373009148453473438e-01 -1.071660761485170310e-01 -7.059735216605185493e-02 -2.662085687602987194e-02 2.579608856943204145e-02 8.773831117596994633e-02 1.603328377402633009e-01 2.447218616206094099e-01 3.420087893883565489e-01
-2.868080797295275430e-01 -2.757650979515329226e-01 -2.649583125134628014e-01 -2.543896879726920135e-01 -2.440539313620223028e-01 -2.339444416640809044e-01 -2.240516047340763706e-01 -2.143652321451257614e-01 -2.048779088158888817e-01 -1.966024331010217674e-01 -1.732679938081940207e-01 -1.446938900008881979e-01 -1.100185522892170586e-01 -6.832081141599791185e-02 -1.862639620923708592e-02 4.008756150416951242e-02 1.088725747057750770e-01 1.887882276384628966e-01 2.808396863811374877e-01
-3.146094891932789683e-01 -3.041310858954511254e-01 -2.938772692281463872e-01 -2.838485565010028244e-01 -2.740388967098830175e-01 -2.644434280897186018e-01 -2.550531728259623487e-01 -2.458592999455485595e-01 -2.368529195647275931e-01 -2.289976103703984245e-01 -2.068454321884125313e-01 -1.797168004694568999e-01 -1.467959330237172122e-01 -1.072089348915621909e-01 -6.003616799893997380e-02 -4.312847733966972130e-03 6.094559647133906272e-02 1.367245820606220186e-01 2.239390599314491082e-01
-3.404595696781732572e-01 -3.305033266048249541e-01 -3.207579983356910192e-01 -3.112257909213767548e-01 -3.019019844547630171e-01 -2.927803319037261542e-01 -2.838537131270937874e-01 -2.751132993035020902e-01 -2.665504518604553952e-01 -2.590817916306743518e-01 -2.380190869677264176e-01 -2.122246900018578963e-01 -1.809219327077546680e-01 -1.432825304932068833e-01 -9.843472978315738475e-02 -4.547029632663532328e-02 1.653784358716677699e-02 8.850419384146583635e-02 1.712661532866741609e-01
-3.643317394796091735e-01 -3.548526078519446680e-01 -3.455731442218736293e-01 -3.364959736979971638e-01 -3.276167179697126453e-01 -3.189299978914825195e-01 -3.104279736581670446e-01 -3.021034766100924029e-01 -2.939477016091153749e-01 -2.868328739168900521e-01 -2.667695293512906685e-01 -2.421981121085921840e-01 -2.123794185285079739e-01 -1.765265602049070626e-01 -1.338121586011868092e-01 -8.337806171965804480e-02 -2.435168404691507096e-02 4.411903149770881466e-02 1.228024169032104901e-01
-3.861958787424234485e-01 -3.771500390788950496e-01 -3.682950860255926329e-01 -3.596318749528130687e-01 -3.511574450752577570e-01 -3.428659342203150828e-01 -3.347507732903703959e-01 -3.268036815997487632e-01 -3.190178803274926755e-01 -3.122265631804215791e-01 -2.930728841129097151e-01 -2.696151930882986214e-01 -2.411484713662939428e-01 -2.069228652094761978e-01 -1.661531995112420501e-01 -1.180246357888353470e-01 -6.171542683069277530e-02 3.571595302099482474e-03 7.853932992281513481e-02
