1.826426762483677026e-03 1.641608309360731606e-03 1.456271019142955318e-03 1.272374211748402827e-03 1.087871550046483858e-03 9.038664200996177674e-04 7.195429509619687743e-04 5.352107481464647492e-04 3.510477626521822398e-04 1.876698903756511463e-04 -2.887695721761110424e-04 -9.038867328527782578e-04 -1.694749723278758018e-03 -2.714431546574691979e-03 -4.027035801507333583e-03 -5.713890895446966690e-03 -7.876700384629606311e-03 -1.064399136387202474e-02 -1.416455153215766781e-02
1.861191957134191236e-03 1.676676188962412982e-03 1.492192019838037721e-03 1.307725274975717143e-03 1.123217337910736207e-03 9.387654881406361359e-04 7.547655978225101519e-04 5.695220339120738188e-04 3.864824907792942157e-04 2.234964729681288031e-04 -2.534085129274367409e-04 -8.672974774053731012e-04 -1.659540137998063644e-03 -2.678938757835533542e-03 -3.991439270551690698e-03 -5.677729401016930015e-03 -7.840434151698853424e-03 -1.060728479757540657e-02 -1.412638125610949161e-02
1.891388438221153732e-03 1.706820969119486869e-03 1.522417639013506473e-03 1.337894899946346456e-03 1.153645263377274868e-03 9.691797633705480060e-04 7.849181440374333567e-04 6.007478767393851929e-04 4.167280124763661844e-04 2.524392097289832851e-04 -2.234065302182351167e-04 -8.382989352212246977e-04 -1.629267606866840632e-03 -2.649056493216650141e-03 -3.961206948398380764e-03 -5.647722022504833919e-03 -7.810528612818203043e-03 -1.057623936984468556e-02 -1.409673043295458193e-02
1.910795708567018065e-03 1.725965676702106120e-03 1.541023167932264537e-03 1.356726064562021467e-03 1.171883839474056974e-03 9.879611088222991361e-04 8.037449547114477099e-04 6.184971063190572611e-04 4.345071682248123277e-04 2.717835932897958145e-04 -2.045758708539352412e-04 -8.188530411776402109e-04 -1.610805737317193504e-03 -2.631727822447908326e-03 -3.944442294276112419e-03 -5.631725040909789197e-03 -7.795015498777103577e-03 -1.056144252541203928e-02 -1.408367410562918511e-02
1.912912256976762905e-03 1.728975569197590536e-03 1.543457652439362551e-03 1.359695777577722003e-03 1.174145254273703792e-03 9.906894284624763285e-04 8.054783901210966568e-04 6.221536867446838702e-04 4.377152740117545089e-04 2.743303309966264674e-04 -2.025578583039175417e-04 -8.173075879512318358e-04 -1.609800371438494318e-03 -2.630769031348748500e-03 -3.944394213822332608e-03 -5.632681180908161341e-03 -7.798642948832912140e-03 -1.056723615983199034e-02 -1.409211421625104592e-02
1.898261831131854357e-03 1.712396851524211529e-03 1.528014710871954032e-03 1.343491972956037612e-03 1.158941203775818406e-03 9.742846015595614528e-04 7.890015960908660156e-04 6.049961636766309570e-04 4.208835533690882249e-04 2.567391100760083359e-04 -2.205232202712183686e-04 -8.352271465034826490e-04 -1.628486563011811387e-03 -2.650243723087959778e-03 -3.966156775296758412e-03 -5.655645071387308334e-03 -7.823787417165689595e-03 -1.059563554521810239e-02 -1.412463849876323917e-02
1.863099257324720348e-03 1.677226949266731170e-03 1.491710576355753529e-03 1.307916609544456906e-03 1.122828249810750622e-03 9.373511668009263742e-04 7.532523178803156479e-04 5.679211751132594906e-04 3.838977105689607276e-04 2.187379186380082629e-04 -2.584132081262749295e-04 -8.741074207877258962e-04 -1.668300279103390737e-03 -2.690964812101741873e-03 -4.008022555202438685e-03 -5.700303781385399407e-03 -7.870664239346979174e-03 -1.064679594539390262e-02 -1.418212828684634400e-02
1.807414890091074222e-03 1.620993702127569236e-03 1.436956799590045951e-03 1.251677241450427878e-03 1.066304140523936577e-03 8.811932439805864438e-04 6.960466882153402632e-04 5.106604452032003890e-04 3.258629464375215122e-04 1.623334433766642599e-04 -3.161645039752501132e-04 -9.330453856843351317e-04 -1.728403594901575368e-03 -2.753015101349872221e-03 -4.072188134124966365e-03 -5.766345906487618453e-03 -7.940490147606477089e-03 -1.072068146428767181e-02 -1.426057770661321757e-02
1.732437784276206344e-03 1.546673065698558501e-03 1.361333373318781214e-03 1.175758355239351662e-03 9.902393453922644483e-04 8.043177958304252454e-04 6.193785002645618362e-04 4.344682281625786486e-04 2.491713757847883949e-04 8.483582411652140038e-05 -3.944422144151582110e-04 -1.012354499336489723e-03 -1.809472073280229661e-03 -2.835278337774593555e-03 -4.156038240752000720e-03 -5.853244814281054545e-03 -8.030741164820640737e-03 -1.081591271489590507e-02 -1.436251733169406457e-02
1.650190207536239659e-03 1.464287048079858985e-03 1.278284411978502719e-03 1.092650187773248687e-03 9.068244139418099505e-04 7.210113061908221804e-04 5.349613122330813255e-04 3.500365519718263941e-04 1.647587396230222622e-04 0.000000000000000000e+00 -4.801057187521447548e-04 -1.098456876615858720e-03 -1.897072662519918565e-03 -2.924130264785995258e-03 -4.246677037924299035e-03 -5.947107940016848303e-03 -8.127809733065146508e-03 -1.091724407220335570e-02 -1.446943151400982737e-02
1.333206837348885950e-03 1.145626573421915919e-03 9.600013507408269387e-04 7.726112166777875621e-04 5.864522809464453633e-04 4.002963337447527719e-04 2.135796207692548028e-04 2.746663927477315358e-05 -1.587208585996938907e-04 -3.246098288955716013e-04 -8.062787799148036453e-04 -1.427974010693901967e-03 -2.230333626613141291e-03 -3.261773813122811200e-03 -4.591508670672483049e-03 -6.298443180476975302e-03 -8.489841417946604116e-03 -1.129258469310090614e-02 -1.486186795069373637e-02
7.815804396269759174e-04 5.944105172895684623e-04 4.056384721421732800e-04 2.188813493669477595e-04 3.090378902598076754e-05 -1.572601105111675951e-04 -3.436591731808313400e-04 -5.309951668718623915e-04 -7.186122322812520504e-04 -8.850026662745594718e-04 -1.369773884459877860e-03 -1.995093605337539509e-03 -2.801884136747031379e-03 -3.839961805141437704e-03 -5.176500411897973740e-03 -6.895749962683523672e-03 -9.099322940887217062e-03 -1.191928336207557886e-02 -1.551060348869673887e-02
-1.045840595011720561e-04 -2.940966221781261152e-04 -4.835799933606980462e-04 -6.720146962327387457e-04 -8.611929172494716799e-04 -1.050005886638440741e-03 -1.239670157472052983e-03 -1.427455053499255807e-03 -1.616872483107250919e-03 -1.783964602175279988e-03 -2.272944480225345433e-03 -2.902573400280377292e-03 -3.713995619507384945e-03 -4.760575866469462548e-03 -6.106173404359795977e-03 -7.837569963495742351e-03 -1.005718439364767201e-02 -1.289721957164073445e-02 -1.651455544067213788e-02
-1.441811849446857563e-03 -1.632561436762419889e-03 -1.823182696862676085e-03 -2.013724941039234974e-03 -2.204202716433297394e-03 -2.394804723256279029e-03 -2.585534449664180466e-03 -2.776137413043125880e-03 -2.965443462164543947e-03 -3.134873689220818264e-03 -3.626550492429691294e-03 -4.261230122806112033e-03 -5.080143465785707385e-03 -6.133936000755503722e-03 -7.490869775780020778e-03 -9.235820294178397408e-03 -1.147309428528754498e-02 -1.433608238549546714e-02 -1.798180801742125731e-02
-3.344934227769612994e-03 -3.537742526223985797e-03 -3.729488241463574816e-03 -3.921666778546747771e-03 -4.113898869249882524e-03 -4.306606556153915605e-03 -4.497654277964421680e-03 -4.689335100465463410e-03 -4.882160671516577559e-03 -5.051682005103106353e-03 -5.547874142318865408e-03 -6.187881220984028062e-03 -7.012895041075561248e-03 -8.076092424350487034e-03 -9.444025851790634543e-03 -1.120270076048235190e-02 -1.345876789503541379e-02 -1.634508387569762883e-02 -2.002037691604146089e-02
-5.918633003970057323e-03 -6.112723255386762547e-03 -6.306440859199601186e-03 -6.500621119953432434e-03 -6.693690295227094043e-03 -6.887814208767802440e-03 -7.080622518963328865e-03 -7.273950727624290194e-03 -7.467549529486542693e-03 -7.639720196405101402e-03 -8.138993600127290493e-03 -8.784975074629768066e-03 -9.616096827810904218e-03 -1.068746430701901853e-02 -1.206659699099215874e-02 -1.383892425488131642e-02 -1.611325190829216922e-02 -1.902234275439613695e-02 -2.272638123165957036e-02
-9.244945536529445076e-03 -9.440434741928072082e-03 -9.636020044870923298e-03 -9.830790805035030666e-03 -1.002575087381237656e-02 -1.022098251674583014e-02 -1.041586997663746829e-02 -1.061016551732443802e-02 -1.080493374773675887e-02 -1.097796668726120674e-02 -1.148195557203661107e-02 -1.213182650759318804e-02 -1.296985104489741837e-02 -1.404869829370061080e-02 -1.543782166699330868e-02 -1.722310979159241001e-02 -1.951346547401195189e-02 -2.244325401877641027e-02 -2.617351732350170837e-02
-1.337936226213357754e-02 -1.357650703096624153e-02 -1.377291914405153438e-02 -1.396882936473883147e-02 -1.416510148757634500e-02 -1.436120756114407648e-02 -1.455738179627449197e-02 -1.475317770465046571e-02 -1.494938111335732296e-02 -1.512330476579151414e-02 -1.563055760491991950e-02 -1.628448928660337219e-02 -1.712763814301390686e-02 -1.821417820954178077e-02 -1.961164859648773656e-02 -2.140853056077437339e-02 -2.371398296192585298e-02 -2.666263141433569683e-02 -3.041660133635966379e-02
-1.835456115792603524e-02 -1.855222958793482230e-02 -1.875027692754059616e-02 -1.894718963335101022e-02 -1.914471655679527567e-02 -1.934206604788578018e-02 -1.953971797195869914e-02 -1.973644167984778264e-02 -1.993396318016829941e-02 -2.010900935379065016e-02 -2.061874365101162843e-02 -2.127660100886506409e-02 -2.212424506427033977e-02 -2.321690744595863651e-02 -2.462314215019303573e-02 -2.643092025599863906e-02 -2.874924557951188606e-02 -3.171557387468097733e-02 -3.549315193425806730e-02
