-9.478508826518816655e-02 -8.483898367577287492e-02 -7.504358510030136042e-02 -6.546138610184704110e-02 -5.611619330632586916e-02 -4.701607705410153909e-02 -3.815653101951558407e-02 -2.953081410799301976e-02 -2.112790483472662059e-02 -1.383720090607940857e-02 6.534275919328447549e-03 3.112508203477211063e-02 6.050466769436321085e-02 9.527201369841106771e-02 1.360840621291875829e-01 1.836862423356454832e-01 2.389483692600457843e-01 3.029010025475981083e-01 3.767658422763916493e-01
-9.273109307501493925e-02 -8.275421221191085752e-02 -7.298071337574531248e-02 -6.344596717593249668e-02 -5.416158615745584465e-02 -4.512406544073144926e-02 -3.632966574113487973e-02 -2.776533682518718751e-02 -1.942333322471566717e-02 -1.218264857690305042e-02 8.054042763139146466e-03 3.249963285379400130e-02 6.172742962984346937e-02 9.634755295374095030e-02 1.370179469000763206e-01 1.844931837236147287e-01 2.396413257016458687e-01 3.034923281575949705e-01 3.772696455759584344e-01
-9.066696756337414009e-02 -8.069237524761944946e-02 -7.095453791919610620e-02 -6.147326027969093193e-02 -5.224704294096752660e-02 -4.327214479128527191e-02 -3.453858602801294919e-02 -2.603514974764700382e-02 -1.774963378555428212e-02 -1.055810777340986974e-02 9.549598127812197745e-03 3.385482414847523769e-02 6.293839748143437163e-02 9.741302124004901086e-02 1.379473260928438805e-01 1.852952014632336386e-01 2.403308748816597173e-01 3.040822130798710443e-01 3.777727848271550948e-01
-8.860671821562336736e-02 -7.865379678406302089e-02 -6.896203985494990529e-02 -5.953627885157462135e-02 -5.036990248902359357e-02 -4.145572218715454921e-02 -3.278170059493593774e-02 -2.433624290842853130e-02 -1.610546666510040067e-02 -8.961122850895380382e-03 1.102289917787615571e-02 3.519289313413007103e-02 6.413569302054460131e-02 9.846940148919944291e-02 1.388709491227466397e-01 1.860949134887782963e-01 2.410173856398219183e-01 3.046706111109898640e-01 3.782744443296333636e-01
-8.655786614154935277e-02 -7.664206035688909957e-02 -6.700038624966425660e-02 -5.763128476524774502e-02 -4.852542164069916647e-02 -3.967066212954771520e-02 -3.105477512861111455e-02 -2.266475398286956627e-02 -1.448859252420255962e-02 -7.388562305609735863e-03 1.247508975379018649e-02 3.651492017143866814e-02 6.532074428629752738e-02 9.951891309182092638e-02 1.397885330213956001e-01 1.868901524856226570e-01 2.417024643751587709e-01 3.052570806129588643e-01 3.787747712135002276e-01
-8.452433189846664252e-02 -7.465334799034799296e-02 -6.506744931002984844e-02 -5.575700998812547354e-02 -4.671074281545268408e-02 -3.791465897691729398e-02 -2.935611649233877546e-02 -2.101961032892517983e-02 -1.289547945099004875e-02 -5.840169349398882312e-03 1.390914301057302044e-02 3.782147042101130507e-02 6.649467149684090694e-02 1.005593304914276370e-01 1.407001398253326929e-01 1.876816827235606444e-01 2.423850557948871998e-01 3.058419498900473155e-01 3.792746301105063278e-01
-8.250899348776470632e-02 -7.269028992988343929e-02 -6.316285749574350461e-02 -5.391089658771451576e-02 -4.492379545378186179e-02 -3.618485938894918513e-02 -2.768120969545738441e-02 -1.939820482231443752e-02 -1.132404017514536745e-02 -4.311278229372141058e-03 1.532478547993412418e-02 3.911404057774504200e-02 6.765731961079148038e-02 1.015919232065513045e-01 1.416060786474035993e-01 1.884697995916055913e-01 2.430647906668103320e-01 3.064255251175710404e-01 3.797729444011991862e-01
-8.051383829637398515e-02 -7.075108223710072086e-02 -6.128185895602879241e-02 -5.209078214697210329e-02 -4.316138245680575108e-02 -3.447944893316065573e-02 -2.603091025167850181e-02 -1.779874080975096806e-02 -9.772896946301519450e-03 -2.801350346570693779e-03 1.672414999736972219e-02 4.039298061729715283e-02 6.881045632603870199e-02 1.026169812941404996e-01 1.425073860548970728e-01 1.892541382267944328e-01 2.437411615720792013e-01 3.070073813244066363e-01 3.802709792362428676e-01
-7.853824510168010142e-02 -6.883510852931323809e-02 -5.942598452345312227e-02 -5.029457175122998419e-02 -4.142335694751852343e-02 -3.279774525375179356e-02 -2.440171441535846780e-02 -1.621971167758102031e-02 -8.241609542938144531e-03 -1.310546458270486552e-03 1.810801859515598008e-02 4.165890734604091317e-02 6.995355695875825341e-02 1.036352219807693265e-01 1.434036497802621268e-01 1.900346463960105592e-01 2.444176312343315782e-01 3.075877828267759018e-01 3.807677302969592059e-01
-7.679969070249652308e-02 -6.715113384808299446e-02 -5.779616363824309488e-02 -4.871725766870208668e-02 -3.989717026789371679e-02 -3.131952269562995189e-02 -2.296915497901700839e-02 -1.483223047604126377e-02 -6.896734768229230081e-03 0.000000000000000000e+00 1.932483539950251988e-02 4.277586270698120752e-02 7.096179199506505442e-02 1.045341914017885732e-01 1.441959557321409457e-01 1.907266686747339235e-01 2.450163794478130985e-01 3.081021465751827004e-01 3.812080302295671186e-01
-7.182441039666732918e-02 -6.233844561497273173e-02 -5.314247958487604978e-02 -4.421555309585527976e-02 -3.553995182303137240e-02 -2.710048925594116601e-02 -1.888093182268738013e-02 -1.086778504167065090e-02 -3.048290271620764883e-03 3.748539863124380946e-03 2.281498152253873257e-02 4.597894493107644587e-02 7.386258701259545978e-02 1.071267216629598062e-01 1.464856105293768918e-01 1.927281415427667399e-01 2.467512206568603650e-01 3.095963305139580179e-01 3.824886815151273822e-01
-6.559779874626781027e-02 -5.632328957801648744e-02 -4.732724298262355744e-02 -3.859048146992941075e-02 -3.009535801748266376e-02 -2.182493032643434763e-02 -1.376541986205700313e-02 -5.903287711190604789e-03 1.773992100152270218e-03 8.451905630903892505e-03 2.720025343007973634e-02 5.001636163874581542e-02 7.753011796467659811e-02 1.104160309492276809e-01 1.493996842734545138e-01 1.952827622372183825e-01 2.489710284881297142e-01 3.115114976879738706e-01 3.841328507517380308e-01
-5.786562784987515917e-02 -4.885501909247829538e-02 -4.010786616993892995e-02 -3.160347550513409320e-02 -2.332786800373562799e-02 -1.526301426514980672e-02 -7.397313195270876704e-03 2.836522821340833086e-04 7.789314348957533315e-03 1.432266265609529431e-02 3.268944964072672404e-02 5.508557214544333031e-02 8.215141325237299008e-02 1.145748358000197031e-01 1.530975430414930893e-01 1.985354753368742398e-01 2.518055735193149292e-01 3.139628340560240982e-01 3.862413886623469184e-01
-4.834305438124671117e-02 -3.965267217925307064e-02 -3.120264037033044710e-02 -2.297810390377560963e-02 -1.496284916188625469e-02 -7.143607638858160552e-03 4.920699639089918306e-04 7.955261034634990985e-03 1.525658945077894811e-02 2.161824743481008046e-02 3.952903214105450008e-02 6.142203035122447558e-02 8.794998559464255183e-02 1.198140178317228799e-01 1.577733181495550585e-01 2.026636018247525706e-01 2.554146771096222346e-01 3.170933946714316054e-01 3.889399837228895707e-01
-3.671752349711040336e-02 -2.840093750655526411e-02 -2.030110850367859709e-02 -1.240294470140139958e-02 -4.693768329707916423e-03 2.838434587217661571e-03 1.020403325981486531e-02 1.741326517314577618e-02 2.447492227243500823e-02 3.063403287952129461e-02 4.800962031726147689e-02 6.930682891385402111e-02 9.519248262019004703e-02 1.263850163390005110e-01 1.636646821560714671e-01 2.078842484992318718e-01 2.599954221639478869e-01 3.210781003923092736e-01 3.923849684907965707e-01
-2.265711081313662514e-02 -1.476606184453723575e-02 -7.064098693246066013e-03 4.610103836235397603e-04 7.820388420916785099e-03 1.502324759026993015e-02 2.207825370822747227e-02 2.899519430515168708e-02 3.577964990325616101e-02 4.170516404177226910e-02 5.845726717233763747e-02 7.905859980146846822e-02 1.041890383032187256e-01 1.345846184301898174e-01 1.710476989726336661e-01 2.144574700951641377e-01 2.657876922136433451e-01 3.261392571895955772e-01 3.967754756175609909e-01
-5.822195870634268300e-03 1.597395601997029201e-03 8.858997937527455374e-03 1.596936611827440636e-02 2.293765327240032681e-02 2.977138524557809349e-02 3.647804587499531292e-02 4.306299266163277767e-02 4.953375711485959176e-02 5.519424963430042547e-02 7.123554697761783072e-02 9.103777731805408335e-02 1.152899286662035783e-01 1.447524042470827166e-01 1.802505156246861362e-01 2.226903851384471333e-01 2.730779882110206391e-01 3.325355541908842638e-01 4.023459400575397638e-01
1.410853020953662176e-02 2.102425825471719578e-02 2.780954614852017628e-02 3.447145292770328190e-02 4.101452201141785048e-02 4.744415942702411709e-02 5.376785113842968283e-02 5.998918387474656833e-02 6.611291404739307043e-02 7.147820967847022533e-02 8.672538145979505342e-02 1.056260793088506372e-01 1.288806928568204946e-01 1.572680722403098086e-01 1.916411867833977267e-01 2.329414172728867249e-01 2.822028069619171853e-01 3.405820634510272615e-01 4.093865239712165538e-01
3.741909623682455888e-02 4.381216817976511801e-02 5.010099586822913675e-02 5.628959590353650733e-02 6.238263922148130219e-02 6.838418688523452416e-02 7.429896758276416380e-02 8.012859533782987209e-02 8.587967604497061258e-02 9.092542992073615604e-02 1.053087292932055330e-01 1.232170222415739785e-01 1.453631896598418793e-01 1.725386482139500410e-01 2.056302387864532011e-01 2.456080777857396202e-01 2.935516420661355985e-01 3.506501608066816544e-01 4.182438949909974557e-01
