-7.624329802644201626e-02 -7.630633864062082161e-02 -7.636919912216838524e-02 -7.643206841286892539e-02 -7.649599396512428429e-02 -7.655755023716348528e-02 -7.661990811839913817e-02 -7.668215987943033385e-02 -7.674457694970721056e-02 -7.679969070249652308e-02 -7.696006876997033008e-02 -7.716625609964163079e-02 -7.742818421759384284e-02 -7.776362265092430504e-02 -7.818943835146884014e-02 -7.872853088698317237e-02 -7.940174795736781865e-02 -8.023650568867872479e-02 -8.125313958354742072e-02
-6.634316317317544287e-02 -6.643480111915560371e-02 -6.652628034537713675e-02 -6.661748093862376874e-02 -6.670936519926144725e-02 -6.680037640678085364e-02 -6.688998471886370423e-02 -6.698114944690347627e-02 -6.707110213132527754e-02 -6.715113384808299446e-02 -6.738379310816985934e-02 -6.768267543656511509e-02 -6.806529546859788060e-02 -6.855407683709456579e-02 -6.917727263418495254e-02 -6.996445795074139606e-02 -7.095478922317502435e-02 -7.218737884127011950e-02 -7.369881111024405296e-02
-5.678858470414446108e-02 -5.690284824613243281e-02 -5.701666330171510644e-02 -5.713040110968335694e-02 -5.724402246156658908e-02 -5.735721661283819939e-02 -5.747039096043836393e-02 -5.758328887621041309e-02 -5.769604517576419622e-02 -5.779616363824309488e-02 -5.808722219412147669e-02 -5.846067893820643124e-02 -5.894018366986510798e-02 -5.955317836784298352e-02 -6.033520283618519497e-02 -6.132942554676547309e-02 -6.258227246306977132e-02 -6.415051793934688218e-02 -6.608722776092536277e-02
-4.755011621768891888e-02 -4.768196405617535633e-02 -4.781358458657485044e-02 -4.794551528038950433e-02 -4.807707141563767606e-02 -4.820840554021339069e-02 -4.833976604288810208e-02 -4.847068336685626117e-02 -4.860135932212432397e-02 -4.871725766870208668e-02 -4.905541713730478259e-02 -4.948877024161286997e-02 -5.004683382015919640e-02 -5.076058605588635447e-02 -5.167403368606194453e-02 -5.283530265388020064e-02 -5.430767769443087256e-02 -5.615793307797039419e-02 -5.845883064792307959e-02
-3.860114310838188428e-02 -3.874725033422064119e-02 -3.889355491064969833e-02 -3.903983953044355693e-02 -3.918592090380745852e-02 -3.933269761213114418e-02 -3.947725938826261716e-02 -3.962278610363846598e-02 -3.976820734881923031e-02 -3.989717026789371679e-02 -4.027249398733068891e-02 -4.075617513884382398e-02 -4.137714299526834560e-02 -4.217287715540707360e-02 -4.319269249669286520e-02 -4.449395876157142410e-02 -4.614716703646668666e-02 -4.823432876445493678e-02 -5.084346093043200926e-02
-2.991893728265042351e-02 -3.007684530288169331e-02 -3.023496030835211637e-02 -3.039282729853299767e-02 -3.055058700792805462e-02 -3.070812958195595632e-02 -3.086587867033156046e-02 -3.102271280450274657e-02 -3.117997069314068850e-02 -3.131952269562995189e-02 -3.172565885657905455e-02 -3.224899607377779837e-02 -3.292158171876932715e-02 -3.378468870655321199e-02 -3.489184510426357466e-02 -3.630798224827743587e-02 -3.811265460189929011e-02 -4.039820683029666376e-02 -4.326789276327167727e-02
-2.148428854675635616e-02 -2.165200219778968052e-02 -2.182016884827697040e-02 -2.198671575758907523e-02 -2.215376062647238936e-02 -2.232101862828904382e-02 -2.248875556981493051e-02 -2.265457584740886154e-02 -2.282121732926035637e-02 -2.296915497901700839e-02 -2.340069808227141987e-02 -2.395576722198185932e-02 -2.466992647573576503e-02 -2.558979553859670047e-02 -2.676816437258376993e-02 -2.827886310882567200e-02 -3.020744337192348902e-02 -3.265818459459473438e-02 -3.575027906780338383e-02
-1.327867554834066648e-02 -1.345401992657766638e-02 -1.362957178187744998e-02 -1.380416456745584691e-02 -1.397905275616814942e-02 -1.415390626204860412e-02 -1.432833547100022947e-02 -1.450297843068575586e-02 -1.467769353907913410e-02 -1.483223047604126377e-02 -1.528366211164178604e-02 -1.586531849806827391e-02 -1.661496061200772034e-02 -1.757912615493530117e-02 -1.881782758762900326e-02 -2.040537322179494795e-02 -2.243702646791759236e-02 -2.502671534231874773e-02 -2.830439326313559725e-02
-5.286385213977248462e-03 -5.468056752619406685e-03 -5.649233239292936193e-03 -5.830369327256240512e-03 -6.012118179256825852e-03 -6.192850448587861045e-03 -6.374733910356348079e-03 -6.554901840175314000e-03 -6.735345974758342839e-03 -6.896734768229230081e-03 -7.364400639678204616e-03 -7.966891350543649913e-03 -8.745062188445095960e-03 -9.744867645583710561e-03 -1.103179308836634877e-02 -1.268447901342869936e-02 -1.480201059591832249e-02 -1.750576401226226070e-02 -2.094051387471039180e-02
1.650190207536239659e-03 1.464287048079858985e-03 1.278284411978502719e-03 1.092650187773248687e-03 9.068244139418099505e-04 7.210113061908221804e-04 5.349613122330813255e-04 3.500365519718263941e-04 1.647587396230222622e-04 0.000000000000000000e+00 -4.801057187521447548e-04 -1.098456876615858720e-03 -1.897072662519918565e-03 -2.924130264785995258e-03 -4.246677037924299035e-03 -5.947107940016848303e-03 -8.127809733065146508e-03 -1.091724407220335570e-02 -1.446943151400982737e-02
2.105863055236511031e-02 2.086315045754937730e-02 2.066829455360286172e-02 2.047332971274022986e-02 2.027815689497226154e-02 2.008353245473119136e-02 1.988862059714757366e-02 1.969352469918441220e-02 1.949895853858896883e-02 1.932483539950251988e-02 1.882169638349957472e-02 1.817047367028270036e-02 1.733051218647305158e-02 1.624727692483887709e-02 1.485091790217854361e-02 1.305307794733009605e-02 1.073994566170372207e-02 7.769687543071691731e-03 3.966263635548959200e-03
4.456169465632942722e-02 4.436029610665133405e-02 4.415977852555699745e-02 4.395908750584751751e-02 4.375797850480298706e-02 4.355596027638181794e-02 4.335622358121123121e-02 4.315517634522593460e-02 4.295440475700663258e-02 4.277586270698120752e-02 4.225522246812385418e-02 4.158239578462209762e-02 4.071548490927864861e-02 3.959545968917689562e-02 3.815003790187501687e-02 3.628477413803912754e-02 3.388058749288348770e-02 3.078259708333243999e-02 2.679851201020086449e-02
7.276677888835336727e-02 7.256426943388845363e-02 7.236122764720832878e-02 7.215810049101706314e-02 7.195514787041175364e-02 7.175180594917812682e-02 7.154873942435346912e-02 7.134543672645629608e-02 7.114250617094083906e-02 7.096179199506505442e-02 7.043544500130445585e-02 6.975470033266358005e-02 6.887650670572241507e-02 6.774161628413429004e-02 6.627531432571029391e-02 6.438112119984860937e-02 6.193478149978617203e-02 5.877512267311903876e-02 5.469791535662387599e-02
1.063236506339320098e-01 1.061230586089991074e-01 1.059206727947079318e-01 1.057203927327128451e-01 1.055190165373506572e-01 1.053177184239702385e-01 1.051162292163784762e-01 1.049149239023760977e-01 1.047135597034583449e-01 1.045341914017885732e-01 1.040122396292988138e-01 1.033370657162950151e-01 1.024650942804649079e-01 1.013375345241494807e-01 9.988073691649196340e-02 9.799620157658878172e-02 9.556069267022956892e-02 9.240952641781104149e-02 8.833213265148108506e-02
1.459387601191851069e-01 1.457427893624600179e-01 1.455469573973855457e-01 1.453502878496722162e-01 1.451550359429734927e-01 1.449586038320770098e-01 1.447626834973513577e-01 1.445664542228067284e-01 1.443701981121427724e-01 1.441959557321409457e-01 1.436874852159580329e-01 1.430298756548466499e-01 1.421803493522604267e-01 1.410818557028892528e-01 1.396617045616333763e-01 1.378242453429611158e-01 1.354469397073644332e-01 1.323686933800171106e-01 1.283810946849867352e-01
1.923957707693665087e-01 1.922081914682578496e-01 1.920203870357370390e-01 1.918328952186877656e-01 1.916451202760676986e-01 1.914572930942769202e-01 1.912694259400035957e-01 1.910816187524158327e-01 1.908936939916008046e-01 1.907266686747339235e-01 1.902391946055257133e-01 1.896095934377024783e-01 1.887956210196999052e-01 1.877422041362933336e-01 1.863822001938046091e-01 1.846213057271087199e-01 1.823421545263776422e-01 1.793895975053604874e-01 1.755624075154833541e-01
2.465924922242733741e-01 2.464156235073520218e-01 2.462379067489128270e-01 2.460607758999497074e-01 2.458824495484576711e-01 2.457064026230375842e-01 2.455289171261330894e-01 2.453514102607768643e-01 2.451739196061551440e-01 2.450163794478130985e-01 2.445562408312665359e-01 2.439606889536161394e-01 2.431929674527534835e-01 2.421986380463708732e-01 2.409124637486121934e-01 2.392495945669902147e-01 2.370983823048301298e-01 2.343092632254517027e-01 2.306964775638189746e-01
3.095726758571731851e-01 3.094081600856269931e-01 3.092432486444490203e-01 3.090772128741289815e-01 3.089122184708226193e-01 3.087453857524267153e-01 3.085807625965577561e-01 3.084153972672862842e-01 3.082497237566255155e-01 3.081021465751827004e-01 3.076726125054035088e-01 3.071178506360492944e-01 3.064002437900958387e-01 3.054719161028218721e-01 3.042736276221713054e-01 3.027221467538601662e-01 3.007133792180358145e-01 2.981139140400965171e-01 2.947438353217753382e-01
3.825693293428410469e-01 3.824161606592582086e-01 3.822630217907359018e-01 3.821102893645976772e-01 3.819570356610269557e-01 3.818040513447377715e-01 3.816490778116717886e-01 3.814962717629070132e-01 3.813426438717386624e-01 3.812080302295671186e-01 3.808095217727231474e-01 3.802977845149128622e-01 3.796345140113624450e-01 3.787771095569575919e-01 3.776683182336655897e-01 3.762340562765397189e-01 3.743794578775622717e-01 3.719778369598810142e-01 3.688665092459561534e-01
