-1.167399847796600637e-01 -1.169850013391090654e-01 -1.172303370978797221e-01 -1.174758327503339361e-01 -1.177210484764465437e-01 -1.179662966351593262e-01 -1.182115065345224619e-01 -1.184570234854103871e-01 -1.187024790518965423e-01 -1.189201515257751335e-01 -1.195553150946357390e-01 -1.203758320191172793e-01 -1.214344744318891778e-01 -1.228010604434863068e-01 -1.245640965830148161e-01 -1.268372351091826833e-01 -1.297646304704760389e-01 -1.335291646321066783e-01 -1.383553364767109994e-01
-1.022372027325678667e-01 -1.024732893603301498e-01 -1.027101085376130873e-01 -1.029466929890250071e-01 -1.031821943040211464e-01 -1.034185187349102725e-01 -1.036547356963420652e-01 -1.038906571849846500e-01 -1.041264210490280423e-01 -1.043366159252554493e-01 -1.049480750507119226e-01 -1.057372618234406758e-01 -1.067561289677416009e-01 -1.080703660340130434e-01 -1.097662363626498438e-01 -1.119502831821005684e-01 -1.147607174998010737e-01 -1.183730129296980266e-01 -1.229987524872487858e-01
-8.804917368646103526e-02 -8.827713394949390779e-02 -8.850585668908543535e-02 -8.873283533437451021e-02 -8.896063914577151399e-02 -8.918864205528183320e-02 -8.941644022061270847e-02 -8.964401889483365748e-02 -8.987183839180344636e-02 -9.007404851861192108e-02 -9.066375303269985642e-02 -9.142488491171370246e-02 -9.240694597438027513e-02 -9.367370089756041351e-02 -9.530676569873243464e-02 -9.740983360950446202e-02 -1.001155501983713864e-01 -1.035887893656401576e-01 -1.080323411083319862e-01
-7.417553400361757976e-02 -7.439600179099888078e-02 -7.461643762251488066e-02 -7.483678126687914878e-02 -7.505763866908030102e-02 -7.527762370436862083e-02 -7.549732876106096668e-02 -7.571784320221214282e-02 -7.593717763825251488e-02 -7.613273583713484061e-02 -7.670280891902481191e-02 -7.743771504736307598e-02 -7.838615815389790575e-02 -7.960931474434136679e-02 -8.118576811352672118e-02 -8.321527471209395899e-02 -8.582448270603881824e-02 -8.917183536949055411e-02 -9.345066920676520228e-02
-6.061065323305461078e-02 -6.082439713006489862e-02 -6.103827094138804948e-02 -6.125047981647951945e-02 -6.146378327636830424e-02 -6.167676983133019847e-02 -6.189038578621566117e-02 -6.210299620108762630e-02 -6.231586973090445791e-02 -6.250518268130683674e-02 -6.305666061650830323e-02 -6.376802858861604917e-02 -6.468550135012948732e-02 -6.586877242376891484e-02 -6.739335677788167722e-02 -6.935510891950173729e-02 -7.187636662039528779e-02 -7.510876827457152460e-02 -7.923660287014887282e-02
-4.734462207942797402e-02 -4.755069256694350460e-02 -4.775742659317876171e-02 -4.796399151029633739e-02 -4.817149055507081307e-02 -4.837800843305367637e-02 -4.858388194136883248e-02 -4.879070589395387986e-02 -4.899709165692615886e-02 -4.918035737729958140e-02 -4.971493100541377747e-02 -5.040517707568781258e-02 -5.129378999573350889e-02 -5.244125114364957957e-02 -5.391682939331508828e-02 -5.581781298619156728e-02 -5.825705773132779097e-02 -6.138405087496937723e-02 -6.537445040812597807e-02
-3.436249714305918135e-02 -3.456341033297467141e-02 -3.476430762535153568e-02 -3.496522644170427935e-02 -3.516589172082753428e-02 -3.536661123959825015e-02 -3.556750462999664492e-02 -3.576748080458996837e-02 -3.596829804959707222e-02 -3.614689075455447542e-02 -3.666500396248541932e-02 -3.733433863889283610e-02 -3.819847887892247051e-02 -3.931008442851603724e-02 -4.074261495155169499e-02 -4.258581026796689345e-02 -4.495238459918819707e-02 -4.798121193143218416e-02 -5.184539776717071030e-02
-2.165441031429018656e-02 -2.184984964519702880e-02 -2.204501746549139898e-02 -2.224107734647979423e-02 -2.243535927884583725e-02 -2.263087958387350468e-02 -2.282579337743699185e-02 -2.302073831227365031e-02 -2.321597180381669567e-02 -2.338875976915503682e-02 -2.389369872737594214e-02 -2.454387856429299242e-02 -2.538272308853456796e-02 -2.646397242729719643e-02 -2.785608718788561491e-02 -2.964540416482900481e-02 -3.194283122151721221e-02 -3.488356348560589515e-02 -3.863130317297159416e-02
-9.206521488657829974e-03 -9.396682436526545765e-03 -9.586976785984867994e-03 -9.777611463541554387e-03 -9.967073207171517693e-03 -1.015733086655941537e-02 -1.034693507055244044e-02 -1.053663832264638972e-02 -1.072620237416884760e-02 -1.089501699644739550e-02 -1.138583530237159865e-02 -1.201931867890656570e-02 -1.283574669949842303e-02 -1.388757741535189515e-02 -1.524167226733196857e-02 -1.698345009855553242e-02 -1.921699445208803828e-02 -2.207411834615508744e-02 -2.571473844979070209e-02
1.650190207536239659e-03 1.464287048079858985e-03 1.278284411978502719e-03 1.092650187773248687e-03 9.068244139418099505e-04 7.210113061908221804e-04 5.349613122330813255e-04 3.500365519718263941e-04 1.647587396230222622e-04 0.000000000000000000e+00 -4.801057187521447548e-04 -1.098456876615858720e-03 -1.897072662519918565e-03 -2.924130264785995258e-03 -4.246677037924299035e-03 -5.947107940016848303e-03 -8.127809733065146508e-03 -1.091724407220335570e-02 -1.446943151400982737e-02
3.226520815084033683e-02 3.209019155734742917e-02 3.191558889892308348e-02 3.174091871649807606e-02 3.156501699050909965e-02 3.139179165514352499e-02 3.121742792238263106e-02 3.104300078970774479e-02 3.086856782039118507e-02 3.071408597277440131e-02 3.026318633737154484e-02 2.968184882334219329e-02 2.893174932501745011e-02 2.796659174033159015e-02 2.672550035751093331e-02 2.513130269441518627e-02 2.308639169517275047e-02 2.047348774678159691e-02 1.714933356865625327e-02
6.975971726466577427e-02 6.959641654568182734e-02 6.943325445151876663e-02 6.927117682504517482e-02 6.910855381105127093e-02 6.894545284702208177e-02 6.878375530148454764e-02 6.862021475039178919e-02 6.845926228407393788e-02 6.831491452446226964e-02 6.789520005273343151e-02 6.735398193846320325e-02 6.665662972714052337e-02 6.575880247788788713e-02 6.460391161674623739e-02 6.312148419346447215e-02 6.122212270909598714e-02 5.879690856178099861e-02 5.571447054843208652e-02
1.152771610087692800e-01 1.151267572299552733e-01 1.149756793734041521e-01 1.148261297791280666e-01 1.146759204486438172e-01 1.145261157924718776e-01 1.143749896627634238e-01 1.142262641520879612e-01 1.140752515207859724e-01 1.139431130578868051e-01 1.135559377376713641e-01 1.130553814573814903e-01 1.124126328479406467e-01 1.115849516833378463e-01 1.105197939478917563e-01 1.091544742074231078e-01 1.074054106273044928e-01 1.051736623929422770e-01 1.023412364114192480e-01
1.700493757400382000e-01 1.699117722926554996e-01 1.697732078033922787e-01 1.696363896830748175e-01 1.694987195055405738e-01 1.693604444072523418e-01 1.692232251145214250e-01 1.690867977759203944e-01 1.689496460903787967e-01 1.688276016425482029e-01 1.684729031311976710e-01 1.680155484688347078e-01 1.674258867674974782e-01 1.666685582050263792e-01 1.656951141209224987e-01 1.644457841697910816e-01 1.628473071497848201e-01 1.608092131814853887e-01 1.582250407174173867e-01
2.353970895430319010e-01 2.352718579283469280e-01 2.351465143223220311e-01 2.350211605481012378e-01 2.348960070509135134e-01 2.347706654831897832e-01 2.346457942959735143e-01 2.345206772157936159e-01 2.343959162693380616e-01 2.342850348991038223e-01 2.339621292798636232e-01 2.335451522257815382e-01 2.330102993524481581e-01 2.323208200266130286e-01 2.314347995826818438e-01 2.302998927409384000e-01 2.288471573978811680e-01 2.269961143644382007e-01 2.246517432690221250e-01
3.127317972237904087e-01 3.126180891367781323e-01 3.125042066416956477e-01 3.123900322264135943e-01 3.122767725297941332e-01 3.121635763445404499e-01 3.120490680196046918e-01 3.119369236194803330e-01 3.118238490766089832e-01 3.117230637320312359e-01 3.114300840624033007e-01 3.110518379979422265e-01 3.105674430361792249e-01 3.099424338954959723e-01 3.091391526705870030e-01 3.081112754701856860e-01 3.067959039138382082e-01 3.051203283065263006e-01 3.029976203229237108e-01
4.035556002927770947e-01 4.034522982670162849e-01 4.033492436066141718e-01 4.032459784580486595e-01 4.031430809550382577e-01 4.030400047617428427e-01 4.029375669581538033e-01 4.028348517914174254e-01 4.027321324173759320e-01 4.026407556279277267e-01 4.023755476995863889e-01 4.020332909482408623e-01 4.015928111028658209e-01 4.010267774348368341e-01 4.002978733168959247e-01 3.993667735429429211e-01 3.981746429169544244e-01 3.966565852563019301e-01 3.947349824903494397e-01
5.094555505433068232e-01 5.093626886834775602e-01 5.092679457910348484e-01 5.091748768696239269e-01 5.090795534141749901e-01 5.089866921467435246e-01 5.088933126336295798e-01 5.087993307092480988e-01 5.087057470274326532e-01 5.086221513119789650e-01 5.083808625826884420e-01 5.080688038561113062e-01 5.076671138968432695e-01 5.071506392085356474e-01 5.064874932270017061e-01 5.056358837985860388e-01 5.045497880769848065e-01 5.031646374578319092e-01 5.014112680132223332e-01
6.320853354054548623e-01 6.319969135643447311e-01 6.319114243548141774e-01 6.318244826305543516e-01 6.317368423107747599e-01 6.316501332005890479e-01 6.315640008846929998e-01 6.314772551679872503e-01 6.313906545370577827e-01 6.313140247660077309e-01 6.310900456910356615e-01 6.308012155458950776e-01 6.304299082161981538e-01 6.299518610606654745e-01 6.293374443154818865e-01 6.285487327158945092e-01 6.275424785412824225e-01 6.262577460171515620e-01 6.246305610294270450e-01
