-2.303817683205504618e-01 -2.098824235049782105e-01 -1.904295827620596793e-01 -1.719009990116955044e-01 -1.541900089486176184e-01 -1.372073735730596211e-01 -1.208764238883774655e-01 -1.051318504292648864e-01 -8.991738295053498808e-02 -7.679969070249652308e-02 -4.046891013062711706e-02 2.938947929058210486e-03 5.439807084089361838e-02 1.149762599121603862e-01 1.858446861261761618e-01 2.682871986686102828e-01 3.636989939997452570e-01 4.735609033181984451e-01 5.993764863223975947e-01
-2.148737206823620460e-01 -1.954646498076563488e-01 -1.769380498572170057e-01 -1.592018384302334444e-01 -1.421787098306538932e-01 -1.257979695997059610e-01 -1.099962198773643818e-01 -9.472271186009356692e-02 -7.993064695081313065e-02 -6.715113384808299446e-02 -3.165619249451041145e-02 1.091565006826598037e-02 6.156557660799164000e-02 1.213778999657957325e-01 1.915436895200952894e-01 2.733536678112660212e-01 3.682134818311983415e-01 4.776139109074652445e-01 6.030767461744742652e-01
-2.003647288611670463e-01 -1.818836482255122844e-01 -1.641543672383238284e-01 -1.471119061148623841e-01 -1.306948863858508059e-01 -1.148482874107778495e-01 -9.952297367579274190e-02 -8.467491101557161892e-02 -7.026508511971288340e-02 -5.779616363824309488e-02 -2.307278173265510726e-02 1.872162483741265232e-02 6.860759699026199032e-02 1.276930304681014872e-01 1.971804378738699626e-01 2.783783718175820709e-01 3.726984829652300046e-01 4.816424815906992785e-01 6.067482925038114594e-01
-1.867162693511997817e-01 -1.690341149093213258e-01 -1.519998435809916948e-01 -1.355660425984639428e-01 -1.196876067761261792e-01 -1.043202309741306372e-01 -8.942428018789147504e-02 -7.496171310276880662e-02 -6.090250481884024181e-02 -4.871725766870208668e-02 -1.470544421685252533e-02 2.636067063512394920e-02 7.552617254453480866e-02 1.339172461437710959e-01 2.027531876416288625e-01 2.833562905526478826e-01 3.771487844986147753e-01 4.856425622353456317e-01 6.103923875501839902e-01
-1.738159109249212408e-01 -1.568278178958161795e-01 -1.404038873211947702e-01 -1.245108649271786938e-01 -1.091135110510430967e-01 -9.417737880676069206e-02 -7.967043133529122523e-02 -6.555954747740218302e-02 -5.182002670175205744e-02 -3.989717026789371679e-02 -6.545652333071748895e-03 3.383943627743372234e-02 8.232436164078620056e-02 1.400528952938325522e-01 2.082621303817618341e-01 2.882873542448059490e-01 3.815638987242820912e-01 4.896149794705050851e-01 6.140084421817618709e-01
-1.615712472922568033e-01 -1.451933021837480131e-01 -1.293092857361960168e-01 -1.138982578525072481e-01 -9.893357471496408428e-02 -8.438806635026072089e-02 -7.023348222485116532e-02 -5.644597517256079444e-02 -4.300060114792637889e-02 -3.131952269562995189e-02 1.418691246137419176e-03 4.116497926400615459e-02 8.900438189277462553e-02 1.461008545692242810e-01 2.137065136484553318e-01 2.931717970638259008e-01 3.859430684412244461e-01 4.935573856353997479e-01 6.175996911094111530e-01
-1.499063023225020719e-01 -1.340662409826804957e-01 -1.186645054082972467e-01 -1.036869206049215869e-01 -8.911348966944032668e-02 -7.492250189995598719e-02 -6.109304805759941531e-02 -4.760037237996850301e-02 -3.442672350434625161e-02 -2.296915497901700839e-02 9.196345972139056621e-03 4.834485542466427505e-02 9.557273462091725458e-02 1.520621823973196951e-01 2.190872374507741027e-01 2.980090997892768656e-01 3.902887445384604637e-01 4.974730513537363175e-01 6.211632749106547058e-01
-1.387569575653057607e-01 -1.233963424849119361e-01 -1.084275103238424021e-01 -9.384176732649375519e-02 -7.962337912419067965e-02 -6.575664175867616812e-02 -5.222374634611826744e-02 -3.900455005211135584e-02 -2.608215679315913776e-02 -1.483223047604126377e-02 1.679986543711702723e-02 5.538294489425086425e-02 1.020304611365063369e-01 1.579425572043531845e-01 2.244058661217471495e-01 3.027997426326377584e-01 3.945966883417504345e-01 5.013593721204770981e-01 6.247011772176296329e-01
-1.280696861064547221e-01 -1.131391377742418519e-01 -9.856030542181334897e-02 -8.432944291894671485e-02 -7.043612348054273387e-02 -5.686699960692381123e-02 -4.360744271760191859e-02 -3.064010059831597660e-02 -1.795287393236693479e-02 -6.896734768229230081e-03 2.423632638904874709e-02 6.228653634452606391e-02 1.083827132162670931e-01 1.637404146469230715e-01 2.296619768546841744e-01 3.075441304194519998e-01 3.988704797311969918e-01 5.052172959592301504e-01 6.282130966838478381e-01
-1.189201515257751335e-01 -1.043366159252554493e-01 -9.007404851861192108e-02 -7.613273583713484061e-02 -6.250518268130683674e-02 -4.918035737729958140e-02 -3.614689075455447542e-02 -2.338875976915503682e-02 -1.089501699644739550e-02 0.000000000000000000e+00 3.071408597277440131e-02 6.831491452446226964e-02 1.139431130578868051e-01 1.688276016425482029e-01 2.342850348991038223e-01 3.117230637320312359e-01 4.026407556279277267e-01 5.086221513119789650e-01 6.313140247660077309e-01
-9.387514530749745123e-02 -8.014994120392653076e-02 -6.667757508152832857e-02 -5.346539767288788214e-02 -4.051078050047966783e-02 -2.781110184707207000e-02 -1.535594892565654568e-02 -3.138288685250329065e-03 8.851635076657708018e-03 1.932483539950251988e-02 4.894033668490349598e-02 8.534932225749708445e-02 1.297211123666317800e-01 1.833182000791094834e-01 2.474997555653069281e-01 3.237067981513734871e-01 4.134764907386856980e-01 5.184276897678061768e-01 6.402449556324348867e-01
-6.447095619031585623e-02 -5.160726888388757205e-02 -3.893815966146899760e-02 -2.647452011826304658e-02 -1.422020003223897072e-02 -2.175152894721149675e-03 9.666702680450420943e-03 2.130862436302728355e-02 3.275653689137112551e-02 4.277586270698120752e-02 7.118812534990762164e-02 1.062700546863823842e-01 1.492204855901380078e-01 2.013388941719424230e-01 2.640227913684785599e-01 3.387638120757368587e-01 4.271429919381310447e-01 5.308263249590278177e-01 6.515503850225379256e-01
-3.024622829230215817e-02 -1.822562150231624850e-02 -6.351188911821776736e-03 5.362576341667109510e-03 1.690991040730989090e-02 2.828710895005636175e-02 3.949733733909470412e-02 5.054095458553516801e-02 6.142239821721993953e-02 7.096179199506505442e-02 9.809245317195870728e-02 1.317363141734944065e-01 1.731174387393074332e-01 2.235682601035208494e-01 2.845351573744313023e-01 3.575613120752219043e-01 4.442848334014322664e-01 5.464299112531921798e-01 6.657980389477278216e-01
9.308887468045066310e-03 2.052267018164037268e-02 3.162785135625658522e-02 4.260903619030278339e-02 5.345822301157383133e-02 6.416989049910055976e-02 7.474533200406337230e-02 8.518403439124487553e-02 9.548673632558390967e-02 1.045341914017885732e-01 1.303336193443716262e-01 1.624589248245430773e-01 2.021472249148630052e-01 2.507657326402000786e-01 3.098047032259247935e-01 3.808642563394230574e-01 4.656477510734073344e-01 5.659533238678536859e-01 6.836614836575665155e-01
5.478899262186046060e-02 6.524153813783645228e-02 7.561438866875584697e-02 8.589111962609452533e-02 9.606481914024792013e-02 1.061274001935642725e-01 1.160788873981491859e-01 1.259174138737946536e-01 1.356426330248359513e-01 1.441959557321409457e-01 1.686439708711124363e-01 1.992004956660393955e-01 2.371096482063191346e-01 2.837608225367091452e-01 3.406839257352325401e-01 4.095352392055456869e-01 4.920929077830250575e-01 5.902336621593798904e-01 7.059431950567158776e-01
1.069067853819754693e-01 1.166469712616905463e-01 1.263285634773168298e-01 1.359378919458576473e-01 1.454641488008616701e-01 1.549020789365783135e-01 1.642484581180592984e-01 1.735018337413898049e-01 1.826620242973708841e-01 1.907266686747339235e-01 2.138277412702344893e-01 2.427993231666674134e-01 2.788764263091275120e-01 3.234642678515015635e-01 3.781188130856690255e-01 4.445491979223036849e-01 5.246009190689500112e-01 6.202467617512454900e-01 7.335843575659217741e-01
1.665279028618535662e-01 1.756016525463788558e-01 1.846346809185158422e-01 1.936110097914833517e-01 2.025226372410145470e-01 2.113626202862914361e-01 2.201278670113557545e-01 2.288154576356725145e-01 2.374270736858621889e-01 2.450163794478130985e-01 2.667960709967290289e-01 2.941882346201492027e-01 3.284154050548733217e-01 3.708793355339454201e-01 4.231527321957692100e-01 4.869841649200693512e-01 5.642826532295003306e-01 6.571114519863884285e-01 7.676892280233754695e-01
2.347035954513908007e-01 2.431494979329834327e-01 2.515683737083778682e-01 2.599452255714272408e-01 2.682717102288289523e-01 2.765409381304314573e-01 2.847490043511046731e-01 2.928923928459747916e-01 3.009743395256887499e-01 3.081021465751827004e-01 3.285928935517315463e-01 3.544303512505280751e-01 3.868133556660094952e-01 4.271259793674698768e-01 4.769491112745185002e-01 5.380493285654477376e-01 6.123868075670493294e-01 7.021070319954423322e-01 8.095476973994554237e-01
3.126830425017541049e-01 3.205353270208337602e-01 3.283705493026168876e-01 3.361748898753393888e-01 3.439428975221102691e-01 3.516648701958863255e-01 3.593360499713855183e-01 3.669587091564022741e-01 3.745262088423795266e-01 3.812080302295671186e-01 4.004444552706850624e-01 4.247572517888839050e-01 4.553153412395030131e-01 4.934763109467679709e-01 5.408108384977803329e-01 5.990915211366509840e-01 6.703126001624517549e-01 7.566836952691461393e-01 8.606487328274627924e-01
