7.559361377937234749e+01 7.559361377937234749e+01
7.559361377937234749e+01 7.559361377937234749e+01
6.266221991893871746e+01 6.266221991893871746e+01
4.635419317410384821e+01 4.635419317410384821e+01
3.914571806788408281e+01 3.914571806788408281e+01
3.893251408955539716e+01 3.893251408955539716e+01
3.149494996856667939e+01 3.149494996856667939e+01
2.436762329424394480e+01 2.436762329424394480e+01
2.436762329424394480e+01 2.436762329424394480e+01
2.314282203720870967e+01 2.314282203720870967e+01
1.942285919647681780e+01 1.942285919647681780e+01
1.942285919647681780e+01 1.942285919647681780e+01
1.623267033488337319e+01 1.623267033488337319e+01
1.228027672705818318e+01 1.228027672705818318e+01
1.117530471565049766e+01 1.117530471565049766e+01
1.075158700074750939e+01 1.075158700074750939e+01
9.672009073109428812e+00 9.672009073109428812e+00
9.272012079400223428e+00 9.272012079400223428e+00
8.643107806574549912e+00 8.643107806574549912e+00
6.681868914300228113e+00 6.681868914300228113e+00
6.506688571167845048e+00 6.506688571167845048e+00
6.506688571167845048e+00 6.506688571167845048e+00
5.728345196131623851e+00 5.728345196131623851e+00
5.601975962006886078e+00 5.601975962006886078e+00
5.601975962006886078e+00 5.601975962006886078e+00
5.121368567921134485e+00 5.121368567921134485e+00
5.121368567921134485e+00 5.121368567921134485e+00
5.121368567921134485e+00 5.121368567921134485e+00
5.121368567921134485e+00 5.121368567921134485e+00
5.121368567921134485e+00 5.121368567921134485e+00
5.121368567921134485e+00 5.121368567921134485e+00
5.121368567921134485e+00 5.121368567921134485e+00
5.052256513263206017e+00 5.052256513263206017e+00
4.629899639170838022e+00 4.629899639170838022e+00
4.629899639170838022e+00 4.629899639170838022e+00
4.530908851509816593e+00 4.530908851509816593e+00
4.302493813959427982e+00 4.302493813959427982e+00
4.302493813959427982e+00 4.302493813959427982e+00
4.302493813959427982e+00 4.302493813959427982e+00
4.270805417431432716e+00 4.270805417431432716e+00
4.230526922361216080e+00 4.230526922361216080e+00
4.091800857319042528e+00 4.091800857319042528e+00
3.896522508491725212e+00 3.896522508491725212e+00
3.896522508491725212e+00 3.896522508491725212e+00
3.896522508491725212e+00 3.896522508491725212e+00
3.896522508491725212e+00 3.896522508491725212e+00
3.896522508491725212e+00 3.896522508491725212e+00
3.863471531939364212e+00 3.863471531939364212e+00
3.739416351331873223e+00 3.739416351331873223e+00
3.739416351331873223e+00 3.739416351331873223e+00
3.575837857311834789e+00 3.575837857311834789e+00
3.575837857311834789e+00 3.575837857311834789e+00
3.348163520634720225e+00 3.348163520634720225e+00
3.348163520634720225e+00 3.348163520634720225e+00
3.214235418476501849e+00 3.214235418476501849e+00
3.214235418476501849e+00 3.214235418476501849e+00
3.130482744183421318e+00 3.130482744183421318e+00
3.057076980702120750e+00 3.057076980702120750e+00
3.057076980702120750e+00 3.057076980702120750e+00
3.057076980702120750e+00 3.057076980702120750e+00
3.027780578582258464e+00 3.027780578582258464e+00
3.027780578582258464e+00 3.027780578582258464e+00
2.795189969419124232e+00 2.795189969419124232e+00
2.795189969419124232e+00 2.795189969419124232e+00
2.795189969419124232e+00 2.795189969419124232e+00
2.795189969419124232e+00 2.795189969419124232e+00
2.795189969419124232e+00 2.795189969419124232e+00
2.795189969419124232e+00 2.795189969419124232e+00
2.795189969419124232e+00 2.795189969419124232e+00
2.795189969419124232e+00 2.795189969419124232e+00
2.795189969419124232e+00 2.795189969419124232e+00
2.795189969419124232e+00 2.795189969419124232e+00
2.795189969419124232e+00 2.795189969419124232e+00
2.795189969419124232e+00 2.795189969419124232e+00
2.795189969419124232e+00 2.795189969419124232e+00
2.795189969419124232e+00 2.795189969419124232e+00
2.795189969419124232e+00 2.795189969419124232e+00
2.795189969419124232e+00 2.795189969419124232e+00
2.762554566084889807e+00 2.762554566084889807e+00
2.762554566084889807e+00 2.762554566084889807e+00
2.762554566084889807e+00 2.762554566084889807e+00
2.655621303568902469e+00 2.655621303568902469e+00
2.655621303568902469e+00 2.655621303568902469e+00
2.586275409203127040e+00 2.586275409203127040e+00
2.511867073870635902e+00 2.511867073870635902e+00
2.511867073870635902e+00 2.511867073870635902e+00
2.511867073870635902e+00 2.511867073870635902e+00
2.511867073870635902e+00 2.511867073870635902e+00
2.368893271079890894e+00 2.368893271079890894e+00
2.368893271079890894e+00 2.368893271079890894e+00
2.368893271079890894e+00 2.368893271079890894e+00
2.310921165986009829e+00 2.310921165986009829e+00
2.310921165986009829e+00 2.310921165986009829e+00
2.310921165986009829e+00 2.310921165986009829e+00
2.310921165986009829e+00 2.310921165986009829e+00
2.307448875745328642e+00 2.307448875745328642e+00
2.307448875745328642e+00 2.307448875745328642e+00
2.307448875745328642e+00 2.307448875745328642e+00
2.307448875745328642e+00 2.307448875745328642e+00
2.307448875745328642e+00 2.307448875745328642e+00
