1.606167674141707664e+02
1.481893425548695689e+02
1.104442661749615269e+02
8.568286434350098091e+01
6.482449846350515088e+01
4.787465842152435869e+01
3.004528453773480834e+01
3.004528453773480834e+01
2.289217412213611169e+01
1.721263038150940261e+01
1.335945651355338093e+01
9.205910742039687733e+00
5.075454590006790667e+00
5.075454590006790667e+00
3.573568643039578774e+00
3.131620345865862909e+00
3.131620345865862909e+00
2.429713231544641694e+00
2.067231064767502513e+00
1.619639997322040337e+00
1.619639997322040337e+00
6.682454685034211472e-01
6.682454685034211472e-01
6.682454685034211472e-01
5.101250031425021980e-01
5.101250031425021980e-01
5.101250031425021980e-01
3.666286273592732625e-01
3.666286273592732625e-01
3.666286273592732625e-01
3.666286273592732625e-01
3.666286273592732625e-01
3.666286273592732625e-01
3.666286273592732625e-01
3.666286273592732625e-01
3.494643447465090591e-01
3.494643447465090591e-01
3.494643447465090591e-01
3.494643447465090591e-01
3.494643447465090591e-01
3.494643447465090591e-01
3.494643447465090591e-01
3.494643447465090591e-01
3.337193559924028219e-01
3.337193559924028219e-01
3.337193559924028219e-01
3.233597332597569207e-01
3.233597332597569207e-01
3.233597332597569207e-01
3.233597332597569207e-01
3.233597332597569207e-01
2.238052798750601591e-01
2.238052798750601591e-01
2.238052798750601591e-01
2.238052798750601591e-01
2.238052798750601591e-01
2.238052798750601591e-01
2.238052798750601591e-01
2.238052798750601591e-01
2.238052798750601591e-01
2.238052798750601591e-01
2.238052798750601591e-01
2.238052798750601591e-01
2.238052798750601591e-01
2.238052798750601591e-01
2.238052798750601591e-01
2.147881193658303101e-01
2.147881193658303101e-01
2.147881193658303101e-01
2.147881193658303101e-01
2.147881193658303101e-01
2.147881193658303101e-01
2.147881193658303101e-01
2.147881193658303101e-01
2.147881193658303101e-01
1.274702616255842247e-01
1.274702616255842247e-01
1.274702616255842247e-01
1.274702616255842247e-01
1.274702616255842247e-01
1.274702616255842247e-01
1.274702616255842247e-01
1.274702616255842247e-01
1.274702616255842247e-01
1.274702616255842247e-01
1.274702616255842247e-01
1.274702616255842247e-01
1.274702616255842247e-01
1.274702616255842247e-01
1.274702616255842247e-01
1.274702616255842247e-01
1.274702616255842247e-01
1.274702616255842247e-01
1.274702616255842247e-01
1.274702616255842247e-01
1.274702616255842247e-01
1.274702616255842247e-01
1.274702616255842247e-01
1.274702616255842247e-01
1.274702616255842247e-01
