2.812586733444184617e+01 8.947658589395707907e+01
2.702817507375733896e+01 6.755008513313448759e+01
1.788532840307087213e+01 5.473862579912489679e+01
1.074240504065570612e+01 3.491738699328573148e+01
4.732437001045052050e+00 1.836147690476044758e+01
9.195573867895234788e-01 1.034311488819117564e+01
9.195573867895234788e-01 1.034311488819117564e+01
9.195573867895234788e-01 1.034311488819117564e+01
2.489927042719361161e+00 3.869387711263044594e+00
2.489927042719361161e+00 3.869387711263044594e+00
6.148171655351577503e-01 4.117935798485590659e+00
5.182277647197335302e-01 2.426734477160816805e+00
2.365175051204365386e-01 1.862738280691058179e+00
5.247152765187849122e-01 1.278294389915549445e+00
5.247152765187849122e-01 1.278294389915549445e+00
5.247152765187849122e-01 1.278294389915549445e+00
3.328694428885718981e-01 6.332782537314322058e-01
3.328694428885718981e-01 6.332782537314322058e-01
3.328694428885718981e-01 6.332782537314322058e-01
4.560267185661900369e-01 2.193321100761969900e-01
4.560267185661900369e-01 2.193321100761969900e-01
2.861709146544993421e-01 1.337883500163972728e-01
2.861709146544993421e-01 1.337883500163972728e-01
2.861709146544993421e-01 1.337883500163972728e-01
2.861709146544993421e-01 1.337883500163972728e-01
2.861709146544993421e-01 1.337883500163972728e-01
2.312228587196158980e-01 1.313694107923783772e-01
2.312228587196158980e-01 1.313694107923783772e-01
2.312228587196158980e-01 1.313694107923783772e-01
2.312228587196158980e-01 1.313694107923783772e-01
2.312228587196158980e-01 1.313694107923783772e-01
2.312228587196158980e-01 1.313694107923783772e-01
2.312228587196158980e-01 1.313694107923783772e-01
2.174959606831074477e-01 6.645277924733594688e-02
2.174959606831074477e-01 6.645277924733594688e-02
2.123899018743279632e-01 5.390119494526893901e-02
2.123899018743279632e-01 5.390119494526893901e-02
2.123899018743279632e-01 5.390119494526893901e-02
2.123899018743279632e-01 5.390119494526893901e-02
2.201582723245937567e-01 1.647793925859486475e-02
2.201582723245937567e-01 1.647793925859486475e-02
2.201582723245937567e-01 1.647793925859486475e-02
2.201582723245937567e-01 1.647793925859486475e-02
2.201582723245937567e-01 1.647793925859486475e-02
2.201582723245937567e-01 1.647793925859486475e-02
2.201582723245937567e-01 1.647793925859486475e-02
2.201582723245937567e-01 1.647793925859486475e-02
2.201582723245937567e-01 1.647793925859486475e-02
2.201582723245937567e-01 1.647793925859486475e-02
2.201582723245937567e-01 1.647793925859486475e-02
2.201582723245937567e-01 1.647793925859486475e-02
2.201582723245937567e-01 1.647793925859486475e-02
2.201582723245937567e-01 1.647793925859486475e-02
2.201582723245937567e-01 1.647793925859486475e-02
2.201582723245937567e-01 1.647793925859486475e-02
2.201582723245937567e-01 1.647793925859486475e-02
2.201582723245937567e-01 1.647793925859486475e-02
2.201582723245937567e-01 1.647793925859486475e-02
2.201582723245937567e-01 1.647793925859486475e-02
2.201582723245937567e-01 1.647793925859486475e-02
2.201582723245937567e-01 1.647793925859486475e-02
2.201582723245937567e-01 1.647793925859486475e-02
2.201582723245937567e-01 1.647793925859486475e-02
2.201582723245937567e-01 1.647793925859486475e-02
2.201582723245937567e-01 1.647793925859486475e-02
2.201582723245937567e-01 1.647793925859486475e-02
2.201582723245937567e-01 1.647793925859486475e-02
2.201582723245937567e-01 1.647793925859486475e-02
2.201582723245937567e-01 1.647793925859486475e-02
2.201582723245937567e-01 1.647793925859486475e-02
2.201582723245937567e-01 1.647793925859486475e-02
2.201582723245937567e-01 1.647793925859486475e-02
1.928977109290927472e-01 1.867343744252049700e-02
1.928977109290927472e-01 1.867343744252049700e-02
1.928977109290927472e-01 1.867343744252049700e-02
1.928977109290927472e-01 1.867343744252049700e-02
1.928977109290927472e-01 1.867343744252049700e-02
1.928977109290927472e-01 1.867343744252049700e-02
1.928977109290927472e-01 1.867343744252049700e-02
1.928977109290927472e-01 1.867343744252049700e-02
1.928977109290927472e-01 1.867343744252049700e-02
1.928977109290927472e-01 1.867343744252049700e-02
1.928977109290927472e-01 1.867343744252049700e-02
1.928977109290927472e-01 1.867343744252049700e-02
1.928977109290927472e-01 1.867343744252049700e-02
1.928977109290927472e-01 1.867343744252049700e-02
1.928977109290927472e-01 1.867343744252049700e-02
1.928977109290927472e-01 1.867343744252049700e-02
1.928977109290927472e-01 1.867343744252049700e-02
1.928977109290927472e-01 1.867343744252049700e-02
1.928977109290927472e-01 1.867343744252049700e-02
1.928977109290927472e-01 1.867343744252049700e-02
1.928977109290927472e-01 1.867343744252049700e-02
1.928977109290927472e-01 1.867343744252049700e-02
1.928977109290927472e-01 1.867343744252049700e-02
1.928977109290927472e-01 1.867343744252049700e-02
1.928977109290927472e-01 1.867343744252049700e-02
1.928977109290927472e-01 1.867343744252049700e-02
1.928977109290927472e-01 1.867343744252049700e-02
1.928977109290927472e-01 1.867343744252049700e-02
1.928977109290927472e-01 1.867343744252049700e-02
1.928977109290927472e-01 1.867343744252049700e-02
1.928977109290927472e-01 1.867343744252049700e-02
1.928977109290927472e-01 1.867343744252049700e-02
1.928977109290927472e-01 1.867343744252049700e-02
1.928977109290927472e-01 1.867343744252049700e-02
1.928977109290927472e-01 1.867343744252049700e-02
1.928977109290927472e-01 1.867343744252049700e-02
1.928977109290927472e-01 1.867343744252049700e-02
1.928977109290927472e-01 1.867343744252049700e-02
1.928977109290927472e-01 1.867343744252049700e-02
1.928977109290927472e-01 1.867343744252049700e-02
1.928977109290927472e-01 1.867343744252049700e-02
1.928977109290927472e-01 1.867343744252049700e-02
1.928977109290927472e-01 1.867343744252049700e-02
1.928977109290927472e-01 1.867343744252049700e-02
1.928977109290927472e-01 1.867343744252049700e-02
1.928977109290927472e-01 1.867343744252049700e-02
1.928977109290927472e-01 1.867343744252049700e-02
1.928977109290927472e-01 1.867343744252049700e-02
1.928977109290927472e-01 1.867343744252049700e-02
1.928977109290927472e-01 1.867343744252049700e-02
1.928977109290927472e-01 1.867343744252049700e-02
1.928977109290927472e-01 1.867343744252049700e-02
1.928977109290927472e-01 1.867343744252049700e-02
1.928977109290927472e-01 1.867343744252049700e-02
1.928977109290927472e-01 1.867343744252049700e-02
1.928977109290927472e-01 1.867343744252049700e-02
1.928977109290927472e-01 1.867343744252049700e-02
1.928977109290927472e-01 1.867343744252049700e-02
1.928977109290927472e-01 1.867343744252049700e-02
1.928977109290927472e-01 1.867343744252049700e-02
1.928977109290927472e-01 1.867343744252049700e-02
1.928977109290927472e-01 1.867343744252049700e-02
1.928977109290927472e-01 1.867343744252049700e-02
1.928977109290927472e-01 1.867343744252049700e-02
1.928977109290927472e-01 1.867343744252049700e-02
1.928977109290927472e-01 1.867343744252049700e-02
1.928977109290927472e-01 1.867343744252049700e-02
1.928977109290927472e-01 1.867343744252049700e-02
1.928977109290927472e-01 1.867343744252049700e-02
1.928977109290927472e-01 1.867343744252049700e-02
1.928977109290927472e-01 1.867343744252049700e-02
1.928977109290927472e-01 1.867343744252049700e-02
1.928977109290927472e-01 1.867343744252049700e-02
1.928977109290927472e-01 1.867343744252049700e-02
1.928977109290927472e-01 1.867343744252049700e-02
1.928977109290927472e-01 1.867343744252049700e-02
1.928977109290927472e-01 1.867343744252049700e-02
1.928977109290927472e-01 1.867343744252049700e-02
1.928977109290927472e-01 1.867343744252049700e-02
1.928977109290927472e-01 1.867343744252049700e-02
1.928977109290927472e-01 1.867343744252049700e-02
1.928977109290927472e-01 1.867343744252049700e-02
1.928977109290927472e-01 1.867343744252049700e-02
1.928977109290927472e-01 1.867343744252049700e-02
1.928977109290927472e-01 1.867343744252049700e-02
1.928977109290927472e-01 1.867343744252049700e-02
1.928977109290927472e-01 1.867343744252049700e-02
1.928977109290927472e-01 1.867343744252049700e-02
1.928977109290927472e-01 1.867343744252049700e-02
1.905253546852835878e-01 1.802264454119367407e-02
1.905253546852835878e-01 1.802264454119367407e-02
1.905253546852835878e-01 1.802264454119367407e-02
1.905253546852835878e-01 1.802264454119367407e-02
1.905253546852835878e-01 1.802264454119367407e-02
1.905253546852835878e-01 1.802264454119367407e-02
1.905253546852835878e-01 1.802264454119367407e-02
1.905253546852835878e-01 1.802264454119367407e-02
1.905253546852835878e-01 1.802264454119367407e-02
1.905253546852835878e-01 1.802264454119367407e-02
1.905253546852835878e-01 1.802264454119367407e-02
1.905253546852835878e-01 1.802264454119367407e-02
1.905253546852835878e-01 1.802264454119367407e-02
1.905253546852835878e-01 1.802264454119367407e-02
1.905253546852835878e-01 1.802264454119367407e-02
1.905253546852835878e-01 1.802264454119367407e-02
1.905253546852835878e-01 1.802264454119367407e-02
1.905253546852835878e-01 1.802264454119367407e-02
1.905253546852835878e-01 1.802264454119367407e-02
1.905253546852835878e-01 1.802264454119367407e-02
1.905253546852835878e-01 1.802264454119367407e-02
1.905253546852835878e-01 1.802264454119367407e-02
1.905253546852835878e-01 1.802264454119367407e-02
1.905253546852835878e-01 1.802264454119367407e-02
1.905253546852835878e-01 1.802264454119367407e-02
1.905253546852835878e-01 1.802264454119367407e-02
1.905253546852835878e-01 1.802264454119367407e-02
1.905253546852835878e-01 1.802264454119367407e-02
1.905253546852835878e-01 1.802264454119367407e-02
1.905253546852835878e-01 1.802264454119367407e-02
1.905253546852835878e-01 1.802264454119367407e-02
1.905253546852835878e-01 1.802264454119367407e-02
1.905253546852835878e-01 1.802264454119367407e-02
1.905253546852835878e-01 1.802264454119367407e-02
1.905253546852835878e-01 1.802264454119367407e-02
1.905253546852835878e-01 1.802264454119367407e-02
1.905253546852835878e-01 1.802264454119367407e-02
1.905253546852835878e-01 1.802264454119367407e-02
1.905253546852835878e-01 1.802264454119367407e-02
1.905253546852835878e-01 1.802264454119367407e-02
1.883712536454164310e-01 7.625244543613425748e-03
1.883712536454164310e-01 7.625244543613425748e-03
1.883712536454164310e-01 7.625244543613425748e-03
1.883712536454164310e-01 7.625244543613425748e-03
1.883712536454164310e-01 7.625244543613425748e-03
1.883712536454164310e-01 7.625244543613425748e-03
1.883712536454164310e-01 7.625244543613425748e-03
1.883712536454164310e-01 7.625244543613425748e-03
1.883712536454164310e-01 7.625244543613425748e-03
1.883712536454164310e-01 7.625244543613425748e-03
1.883712536454164310e-01 7.625244543613425748e-03
1.883712536454164310e-01 7.625244543613425748e-03
1.883712536454164310e-01 7.625244543613425748e-03
1.883712536454164310e-01 7.625244543613425748e-03
1.883712536454164310e-01 7.625244543613425748e-03
1.883712536454164310e-01 7.625244543613425748e-03
1.883712536454164310e-01 7.625244543613425748e-03
1.883712536454164310e-01 7.625244543613425748e-03
1.883712536454164310e-01 7.625244543613425748e-03
1.883712536454164310e-01 7.625244543613425748e-03
1.883712536454164310e-01 7.625244543613425748e-03
1.883712536454164310e-01 7.625244543613425748e-03
1.883712536454164310e-01 7.625244543613425748e-03
1.883712536454164310e-01 7.625244543613425748e-03
1.883712536454164310e-01 7.625244543613425748e-03
1.883712536454164310e-01 7.625244543613425748e-03
1.883712536454164310e-01 7.625244543613425748e-03
1.883712536454164310e-01 7.625244543613425748e-03
1.883712536454164310e-01 7.625244543613425748e-03
1.883712536454164310e-01 7.625244543613425748e-03
1.883712536454164310e-01 7.625244543613425748e-03
1.883712536454164310e-01 7.625244543613425748e-03
1.883712536454164310e-01 7.625244543613425748e-03
1.883712536454164310e-01 7.625244543613425748e-03
1.883712536454164310e-01 7.625244543613425748e-03
1.883712536454164310e-01 7.625244543613425748e-03
1.883712536454164310e-01 7.625244543613425748e-03
1.883712536454164310e-01 7.625244543613425748e-03
1.883712536454164310e-01 7.625244543613425748e-03
1.883712536454164310e-01 7.625244543613425748e-03
1.883712536454164310e-01 7.625244543613425748e-03
1.883712536454164310e-01 7.625244543613425748e-03
1.883712536454164310e-01 7.625244543613425748e-03
1.883712536454164310e-01 7.625244543613425748e-03
1.883712536454164310e-01 7.625244543613425748e-03
1.883712536454164310e-01 7.625244543613425748e-03
1.883712536454164310e-01 7.625244543613425748e-03
1.883712536454164310e-01 7.625244543613425748e-03
1.883712536454164310e-01 7.625244543613425748e-03
1.883712536454164310e-01 7.625244543613425748e-03
1.883712536454164310e-01 7.625244543613425748e-03
1.883712536454164310e-01 7.625244543613425748e-03
1.883712536454164310e-01 7.625244543613425748e-03
1.883712536454164310e-01 7.625244543613425748e-03
1.883712536454164310e-01 7.625244543613425748e-03
1.883712536454164310e-01 7.625244543613425748e-03
1.883712536454164310e-01 7.625244543613425748e-03
1.883712536454164310e-01 7.625244543613425748e-03
1.883712536454164310e-01 7.625244543613425748e-03
1.883712536454164310e-01 7.625244543613425748e-03
1.883712536454164310e-01 7.625244543613425748e-03
1.883712536454164310e-01 7.625244543613425748e-03
1.883712536454164310e-01 7.625244543613425748e-03
1.883712536454164310e-01 7.625244543613425748e-03
1.883712536454164310e-01 7.625244543613425748e-03
1.883712536454164310e-01 7.625244543613425748e-03
1.883712536454164310e-01 7.625244543613425748e-03
1.883712536454164310e-01 7.625244543613425748e-03
1.883712536454164310e-01 7.625244543613425748e-03
1.883712536454164310e-01 7.625244543613425748e-03
1.883712536454164310e-01 7.625244543613425748e-03
1.883712536454164310e-01 7.625244543613425748e-03
1.883712536454164310e-01 7.625244543613425748e-03
1.883712536454164310e-01 7.625244543613425748e-03
1.883712536454164310e-01 7.625244543613425748e-03
1.883712536454164310e-01 7.625244543613425748e-03
1.883712536454164310e-01 7.625244543613425748e-03
1.883712536454164310e-01 7.625244543613425748e-03
1.883712536454164310e-01 7.625244543613425748e-03
1.883712536454164310e-01 7.625244543613425748e-03
1.883712536454164310e-01 7.625244543613425748e-03
1.883712536454164310e-01 7.625244543613425748e-03
1.883712536454164310e-01 7.625244543613425748e-03
1.883712536454164310e-01 7.625244543613425748e-03
1.883712536454164310e-01 7.625244543613425748e-03
1.883712536454164310e-01 7.625244543613425748e-03
1.883712536454164310e-01 7.625244543613425748e-03
1.883712536454164310e-01 7.625244543613425748e-03
1.883712536454164310e-01 7.625244543613425748e-03
1.883712536454164310e-01 7.625244543613425748e-03
1.883712536454164310e-01 7.625244543613425748e-03
1.883712536454164310e-01 7.625244543613425748e-03
1.883712536454164310e-01 7.625244543613425748e-03
1.883712536454164310e-01 7.625244543613425748e-03
1.883712536454164310e-01 7.625244543613425748e-03
1.883712536454164310e-01 7.625244543613425748e-03
1.883712536454164310e-01 7.625244543613425748e-03
1.883712536454164310e-01 7.625244543613425748e-03
1.883712536454164310e-01 7.625244543613425748e-03
1.883712536454164310e-01 7.625244543613425748e-03
1.883712536454164310e-01 7.625244543613425748e-03
1.862159696046121193e-01 6.548657115757308515e-03
1.862159696046121193e-01 6.548657115757308515e-03
1.862159696046121193e-01 6.548657115757308515e-03
1.862159696046121193e-01 6.548657115757308515e-03
1.862159696046121193e-01 6.548657115757308515e-03
1.862159696046121193e-01 6.548657115757308515e-03
1.862159696046121193e-01 6.548657115757308515e-03
1.862159696046121193e-01 6.548657115757308515e-03
1.862159696046121193e-01 6.548657115757308515e-03
1.862159696046121193e-01 6.548657115757308515e-03
1.862159696046121193e-01 6.548657115757308515e-03
1.862159696046121193e-01 6.548657115757308515e-03
1.862159696046121193e-01 6.548657115757308515e-03
1.862159696046121193e-01 6.548657115757308515e-03
1.862159696046121193e-01 6.548657115757308515e-03
1.862159696046121193e-01 6.548657115757308515e-03
1.658132638123491764e-01 4.251638485677424785e-03
1.658132638123491764e-01 4.251638485677424785e-03
1.658132638123491764e-01 4.251638485677424785e-03
1.658132638123491764e-01 4.251638485677424785e-03
1.658132638123491764e-01 4.251638485677424785e-03
1.655564250311639396e-01 4.070745080169218232e-03
1.364116316636187765e-01 8.990474418299516587e-03
1.364116316636187765e-01 8.990474418299516587e-03
1.364116316636187765e-01 8.990474418299516587e-03
1.364116316636187765e-01 8.990474418299516587e-03
1.364116316636187765e-01 8.990474418299516587e-03
1.364116316636187765e-01 8.990474418299516587e-03
1.364116316636187765e-01 8.990474418299516587e-03
1.364116316636187765e-01 8.990474418299516587e-03
1.364116316636187765e-01 8.990474418299516587e-03
1.364116316636187765e-01 8.990474418299516587e-03
1.364116316636187765e-01 8.990474418299516587e-03
1.364116316636187765e-01 8.990474418299516587e-03
1.364116316636187765e-01 8.990474418299516587e-03
1.364116316636187765e-01 8.990474418299516587e-03
1.364116316636187765e-01 8.990474418299516587e-03
1.364116316636187765e-01 8.990474418299516587e-03
1.364116316636187765e-01 8.990474418299516587e-03
1.364116316636187765e-01 8.990474418299516587e-03
1.364116316636187765e-01 8.990474418299516587e-03
1.364116316636187765e-01 8.990474418299516587e-03
1.364116316636187765e-01 8.990474418299516587e-03
1.364116316636187765e-01 8.990474418299516587e-03
1.364116316636187765e-01 8.990474418299516587e-03
1.364116316636187765e-01 8.990474418299516587e-03
1.364116316636187765e-01 8.990474418299516587e-03
1.364116316636187765e-01 8.990474418299516587e-03
1.364116316636187765e-01 8.990474418299516587e-03
1.364116316636187765e-01 8.990474418299516587e-03
1.364116316636187765e-01 8.990474418299516587e-03
1.364116316636187765e-01 8.990474418299516587e-03
1.364116316636187765e-01 8.990474418299516587e-03
1.364116316636187765e-01 8.990474418299516587e-03
1.364116316636187765e-01 8.990474418299516587e-03
1.364116316636187765e-01 8.990474418299516587e-03
1.364116316636187765e-01 8.990474418299516587e-03
1.364116316636187765e-01 8.990474418299516587e-03
1.364116316636187765e-01 8.990474418299516587e-03
1.364116316636187765e-01 8.990474418299516587e-03
1.364116316636187765e-01 8.990474418299516587e-03
1.364116316636187765e-01 8.990474418299516587e-03
1.364116316636187765e-01 8.990474418299516587e-03
1.364116316636187765e-01 8.990474418299516587e-03
1.245314365922763622e-01 7.675523680311601392e-03
1.245314365922763622e-01 7.675523680311601392e-03
1.245314365922763622e-01 7.675523680311601392e-03
1.245314365922763622e-01 7.675523680311601392e-03
1.245314365922763622e-01 7.675523680311601392e-03
1.245314365922763622e-01 7.675523680311601392e-03
1.245314365922763622e-01 7.675523680311601392e-03
1.245314365922763622e-01 7.675523680311601392e-03
1.245314365922763622e-01 7.675523680311601392e-03
1.245314365922763622e-01 7.675523680311601392e-03
1.245314365922763622e-01 7.675523680311601392e-03
1.245314365922763622e-01 7.675523680311601392e-03
1.245314365922763622e-01 7.675523680311601392e-03
1.245314365922763622e-01 7.675523680311601392e-03
1.245314365922763622e-01 7.675523680311601392e-03
1.245314365922763622e-01 7.675523680311601392e-03
1.245314365922763622e-01 7.675523680311601392e-03
1.245314365922763622e-01 7.675523680311601392e-03
1.245314365922763622e-01 7.675523680311601392e-03
1.245314365922763622e-01 7.675523680311601392e-03
1.245314365922763622e-01 7.675523680311601392e-03
1.245314365922763622e-01 7.675523680311601392e-03
1.245314365922763622e-01 7.675523680311601392e-03
1.245314365922763622e-01 7.675523680311601392e-03
1.245314365922763622e-01 7.675523680311601392e-03
1.245314365922763622e-01 7.675523680311601392e-03
1.245314365922763622e-01 7.675523680311601392e-03
1.245314365922763622e-01 7.675523680311601392e-03
1.245314365922763622e-01 7.675523680311601392e-03
1.245314365922763622e-01 7.675523680311601392e-03
1.245314365922763622e-01 7.675523680311601392e-03
1.245314365922763622e-01 7.675523680311601392e-03
1.245314365922763622e-01 7.675523680311601392e-03
1.245314365922763622e-01 7.675523680311601392e-03
1.245314365922763622e-01 7.675523680311601392e-03
1.245314365922763622e-01 7.675523680311601392e-03
1.245314365922763622e-01 7.675523680311601392e-03
1.245314365922763622e-01 7.675523680311601392e-03
1.245314365922763622e-01 7.675523680311601392e-03
1.245314365922763622e-01 7.675523680311601392e-03
1.245314365922763622e-01 7.675523680311601392e-03
1.245314365922763622e-01 7.675523680311601392e-03
1.245314365922763622e-01 7.675523680311601392e-03
1.245314365922763622e-01 7.675523680311601392e-03
1.245314365922763622e-01 7.675523680311601392e-03
1.245314365922763622e-01 7.675523680311601392e-03
1.245314365922763622e-01 7.675523680311601392e-03
1.245314365922763622e-01 7.675523680311601392e-03
1.245314365922763622e-01 7.675523680311601392e-03
1.245314365922763622e-01 7.675523680311601392e-03
1.245314365922763622e-01 7.675523680311601392e-03
1.245314365922763622e-01 7.675523680311601392e-03
1.245314365922763622e-01 7.675523680311601392e-03
1.245314365922763622e-01 7.675523680311601392e-03
1.245314365922763622e-01 7.675523680311601392e-03
1.245314365922763622e-01 7.675523680311601392e-03
1.245314365922763622e-01 7.675523680311601392e-03
1.245314365922763622e-01 7.675523680311601392e-03
1.245314365922763622e-01 7.675523680311601392e-03
1.245314365922763622e-01 7.675523680311601392e-03
1.245314365922763622e-01 7.675523680311601392e-03
1.245314365922763622e-01 7.675523680311601392e-03
1.245314365922763622e-01 7.675523680311601392e-03
1.245314365922763622e-01 7.675523680311601392e-03
1.245314365922763622e-01 7.675523680311601392e-03
1.245314365922763622e-01 7.675523680311601392e-03
1.245314365922763622e-01 7.675523680311601392e-03
1.245314365922763622e-01 7.675523680311601392e-03
1.245314365922763622e-01 7.675523680311601392e-03
1.245314365922763622e-01 7.675523680311601392e-03
1.245314365922763622e-01 7.675523680311601392e-03
1.245314365922763622e-01 7.675523680311601392e-03
1.245314365922763622e-01 7.675523680311601392e-03
1.245314365922763622e-01 7.675523680311601392e-03
1.245314365922763622e-01 7.675523680311601392e-03
1.245314365922763622e-01 7.675523680311601392e-03
1.245314365922763622e-01 7.675523680311601392e-03
1.245314365922763622e-01 7.675523680311601392e-03
1.245314365922763622e-01 7.675523680311601392e-03
1.245314365922763622e-01 7.675523680311601392e-03
1.245314365922763622e-01 7.675523680311601392e-03
1.245314365922763622e-01 7.675523680311601392e-03
1.245314365922763622e-01 7.675523680311601392e-03
1.245314365922763622e-01 7.675523680311601392e-03
1.245314365922763622e-01 7.675523680311601392e-03
1.245314365922763622e-01 7.675523680311601392e-03
1.245314365922763622e-01 7.675523680311601392e-03
1.245314365922763622e-01 7.675523680311601392e-03
1.245314365922763622e-01 7.675523680311601392e-03
1.245314365922763622e-01 7.675523680311601392e-03
1.245314365922763622e-01 7.675523680311601392e-03
1.245314365922763622e-01 7.675523680311601392e-03
1.245314365922763622e-01 7.675523680311601392e-03
1.245314365922763622e-01 7.675523680311601392e-03
1.245314365922763622e-01 7.675523680311601392e-03
1.245314365922763622e-01 7.675523680311601392e-03
1.245314365922763622e-01 7.675523680311601392e-03
1.245314365922763622e-01 7.675523680311601392e-03
1.245314365922763622e-01 7.675523680311601392e-03
1.245314365922763622e-01 7.675523680311601392e-03
1.245314365922763622e-01 7.675523680311601392e-03
1.245314365922763622e-01 7.675523680311601392e-03
1.245314365922763622e-01 7.675523680311601392e-03
1.245314365922763622e-01 7.675523680311601392e-03
1.245314365922763622e-01 7.675523680311601392e-03
1.245314365922763622e-01 7.675523680311601392e-03
1.245314365922763622e-01 7.675523680311601392e-03
1.245314365922763622e-01 7.675523680311601392e-03
1.245314365922763622e-01 7.675523680311601392e-03
1.245314365922763622e-01 7.675523680311601392e-03
1.245314365922763622e-01 7.675523680311601392e-03
1.245314365922763622e-01 7.675523680311601392e-03
1.245314365922763622e-01 7.675523680311601392e-03
1.245314365922763622e-01 7.675523680311601392e-03
1.245314365922763622e-01 7.675523680311601392e-03
1.245314365922763622e-01 7.675523680311601392e-03
1.245314365922763622e-01 7.675523680311601392e-03
1.245314365922763622e-01 7.675523680311601392e-03
1.245314365922763622e-01 7.675523680311601392e-03
1.245314365922763622e-01 7.675523680311601392e-03
1.245314365922763622e-01 7.675523680311601392e-03
1.245314365922763622e-01 7.675523680311601392e-03
1.245314365922763622e-01 7.675523680311601392e-03
1.245314365922763622e-01 7.675523680311601392e-03
1.245314365922763622e-01 7.675523680311601392e-03
1.245314365922763622e-01 7.675523680311601392e-03
1.245314365922763622e-01 7.675523680311601392e-03
1.245314365922763622e-01 7.675523680311601392e-03
1.245314365922763622e-01 7.675523680311601392e-03
1.245314365922763622e-01 7.675523680311601392e-03
1.245314365922763622e-01 7.675523680311601392e-03
1.245314365922763622e-01 7.675523680311601392e-03
1.245314365922763622e-01 7.675523680311601392e-03
1.245314365922763622e-01 7.675523680311601392e-03
1.245314365922763622e-01 7.675523680311601392e-03
1.245314365922763622e-01 7.675523680311601392e-03
1.245314365922763622e-01 7.675523680311601392e-03
1.245314365922763622e-01 7.675523680311601392e-03
1.245314365922763622e-01 7.675523680311601392e-03
1.245314365922763622e-01 7.675523680311601392e-03
1.245314365922763622e-01 7.675523680311601392e-03
1.245314365922763622e-01 7.675523680311601392e-03
1.245314365922763622e-01 7.675523680311601392e-03
1.245314365922763622e-01 7.675523680311601392e-03
1.245314365922763622e-01 7.675523680311601392e-03
1.245314365922763622e-01 7.675523680311601392e-03
1.245314365922763622e-01 7.675523680311601392e-03
1.245314365922763622e-01 7.675523680311601392e-03
1.245314365922763622e-01 7.675523680311601392e-03
1.245314365922763622e-01 7.675523680311601392e-03
1.245314365922763622e-01 7.675523680311601392e-03
1.245314365922763622e-01 7.675523680311601392e-03
1.245314365922763622e-01 7.675523680311601392e-03
1.245314365922763622e-01 7.675523680311601392e-03
1.245314365922763622e-01 7.675523680311601392e-03
1.245314365922763622e-01 7.675523680311601392e-03
1.245314365922763622e-01 7.675523680311601392e-03
1.245314365922763622e-01 7.675523680311601392e-03
1.245314365922763622e-01 7.675523680311601392e-03
1.245314365922763622e-01 7.675523680311601392e-03
1.245314365922763622e-01 7.675523680311601392e-03
1.245314365922763622e-01 7.675523680311601392e-03
1.245314365922763622e-01 7.675523680311601392e-03
1.245314365922763622e-01 7.675523680311601392e-03
1.245314365922763622e-01 7.675523680311601392e-03
1.245314365922763622e-01 7.675523680311601392e-03
1.245314365922763622e-01 7.675523680311601392e-03
1.245314365922763622e-01 7.675523680311601392e-03
1.245314365922763622e-01 7.675523680311601392e-03
1.245314365922763622e-01 7.675523680311601392e-03
1.245314365922763622e-01 7.675523680311601392e-03
1.245314365922763622e-01 7.675523680311601392e-03
1.245314365922763622e-01 7.675523680311601392e-03
1.245314365922763622e-01 7.675523680311601392e-03
1.245314365922763622e-01 7.675523680311601392e-03
1.245314365922763622e-01 7.675523680311601392e-03
1.245314365922763622e-01 7.675523680311601392e-03
1.245314365922763622e-01 7.675523680311601392e-03
1.245314365922763622e-01 7.675523680311601392e-03
1.245314365922763622e-01 7.675523680311601392e-03
1.245314365922763622e-01 7.675523680311601392e-03
1.245314365922763622e-01 7.675523680311601392e-03
1.245314365922763622e-01 7.675523680311601392e-03
1.245314365922763622e-01 7.675523680311601392e-03
1.245314365922763622e-01 7.675523680311601392e-03
1.245314365922763622e-01 7.675523680311601392e-03
1.245314365922763622e-01 7.675523680311601392e-03
1.245314365922763622e-01 7.675523680311601392e-03
1.245314365922763622e-01 7.675523680311601392e-03
1.245314365922763622e-01 7.675523680311601392e-03
1.245314365922763622e-01 7.675523680311601392e-03
1.245314365922763622e-01 7.675523680311601392e-03
1.245314365922763622e-01 7.675523680311601392e-03
1.245314365922763622e-01 7.675523680311601392e-03
1.245314365922763622e-01 7.675523680311601392e-03
1.245314365922763622e-01 7.675523680311601392e-03
1.245314365922763622e-01 7.675523680311601392e-03
1.245314365922763622e-01 7.675523680311601392e-03
1.245314365922763622e-01 7.675523680311601392e-03
1.245314365922763622e-01 7.675523680311601392e-03
1.245314365922763622e-01 7.675523680311601392e-03
1.245314365922763622e-01 7.675523680311601392e-03
1.245314365922763622e-01 7.675523680311601392e-03
1.245314365922763622e-01 7.675523680311601392e-03
1.245314365922763622e-01 7.675523680311601392e-03
1.245314365922763622e-01 7.675523680311601392e-03
1.245314365922763622e-01 7.675523680311601392e-03
1.245314365922763622e-01 7.675523680311601392e-03
1.245314365922763622e-01 7.675523680311601392e-03
1.245314365922763622e-01 7.675523680311601392e-03
1.245314365922763622e-01 7.675523680311601392e-03
1.245314365922763622e-01 7.675523680311601392e-03
1.245314365922763622e-01 7.675523680311601392e-03
1.245314365922763622e-01 7.675523680311601392e-03
1.245314365922763622e-01 7.675523680311601392e-03
1.245314365922763622e-01 7.675523680311601392e-03
1.245314365922763622e-01 7.675523680311601392e-03
1.245314365922763622e-01 7.675523680311601392e-03
1.245314365922763622e-01 7.675523680311601392e-03
1.245314365922763622e-01 7.675523680311601392e-03
1.245314365922763622e-01 7.675523680311601392e-03
1.245314365922763622e-01 7.675523680311601392e-03
1.245314365922763622e-01 7.675523680311601392e-03
1.245314365922763622e-01 7.675523680311601392e-03
1.245314365922763622e-01 7.675523680311601392e-03
1.245314365922763622e-01 7.675523680311601392e-03
1.245314365922763622e-01 7.675523680311601392e-03
1.245314365922763622e-01 7.675523680311601392e-03
1.245314365922763622e-01 7.675523680311601392e-03
1.245314365922763622e-01 7.675523680311601392e-03
1.245314365922763622e-01 7.675523680311601392e-03
1.245314365922763622e-01 7.675523680311601392e-03
1.245314365922763622e-01 7.675523680311601392e-03
1.245314365922763622e-01 7.675523680311601392e-03
1.245314365922763622e-01 7.675523680311601392e-03
1.245314365922763622e-01 7.675523680311601392e-03
1.245314365922763622e-01 7.675523680311601392e-03
1.245314365922763622e-01 7.675523680311601392e-03
1.245314365922763622e-01 7.675523680311601392e-03
1.245314365922763622e-01 7.675523680311601392e-03
1.245314365922763622e-01 7.675523680311601392e-03
1.245314365922763622e-01 7.675523680311601392e-03
1.245314365922763622e-01 7.675523680311601392e-03
1.245314365922763622e-01 7.675523680311601392e-03
1.245314365922763622e-01 7.675523680311601392e-03
1.245314365922763622e-01 7.675523680311601392e-03
1.245314365922763622e-01 7.675523680311601392e-03
1.245314365922763622e-01 7.675523680311601392e-03
1.245314365922763622e-01 7.675523680311601392e-03
1.245314365922763622e-01 7.675523680311601392e-03
1.245314365922763622e-01 7.675523680311601392e-03
1.245314365922763622e-01 7.675523680311601392e-03
1.245314365922763622e-01 7.675523680311601392e-03
1.245314365922763622e-01 7.675523680311601392e-03
1.245314365922763622e-01 7.675523680311601392e-03
1.245314365922763622e-01 7.675523680311601392e-03
1.245314365922763622e-01 7.675523680311601392e-03
1.245314365922763622e-01 7.675523680311601392e-03
1.245314365922763622e-01 7.675523680311601392e-03
1.245314365922763622e-01 7.675523680311601392e-03
1.245314365922763622e-01 7.675523680311601392e-03
1.245314365922763622e-01 7.675523680311601392e-03
1.245314365922763622e-01 7.675523680311601392e-03
1.245314365922763622e-01 7.675523680311601392e-03
1.245314365922763622e-01 7.675523680311601392e-03
1.245314365922763622e-01 7.675523680311601392e-03
1.245314365922763622e-01 7.675523680311601392e-03
1.245314365922763622e-01 7.675523680311601392e-03
1.245314365922763622e-01 7.675523680311601392e-03
1.245314365922763622e-01 7.675523680311601392e-03
1.245314365922763622e-01 7.675523680311601392e-03
1.245314365922763622e-01 7.675523680311601392e-03
1.245314365922763622e-01 7.675523680311601392e-03
1.245314365922763622e-01 7.675523680311601392e-03
1.245314365922763622e-01 7.675523680311601392e-03
1.245314365922763622e-01 7.675523680311601392e-03
1.245314365922763622e-01 7.675523680311601392e-03
1.245314365922763622e-01 7.675523680311601392e-03
1.245314365922763622e-01 7.675523680311601392e-03
1.245314365922763622e-01 7.675523680311601392e-03
1.245314365922763622e-01 7.675523680311601392e-03
1.245314365922763622e-01 7.675523680311601392e-03
1.245314365922763622e-01 7.675523680311601392e-03
1.245314365922763622e-01 7.675523680311601392e-03
1.245314365922763622e-01 7.675523680311601392e-03
1.245314365922763622e-01 7.675523680311601392e-03
1.245314365922763622e-01 7.675523680311601392e-03
1.245314365922763622e-01 7.675523680311601392e-03
1.245314365922763622e-01 7.675523680311601392e-03
1.245314365922763622e-01 7.675523680311601392e-03
1.245314365922763622e-01 7.675523680311601392e-03
1.245314365922763622e-01 7.675523680311601392e-03
1.245314365922763622e-01 7.675523680311601392e-03
1.245314365922763622e-01 7.675523680311601392e-03
1.245314365922763622e-01 7.675523680311601392e-03
1.245314365922763622e-01 7.675523680311601392e-03
1.245314365922763622e-01 7.675523680311601392e-03
1.245314365922763622e-01 7.675523680311601392e-03
1.245314365922763622e-01 7.675523680311601392e-03
1.245314365922763622e-01 7.675523680311601392e-03
1.245314365922763622e-01 7.675523680311601392e-03
1.245314365922763622e-01 7.675523680311601392e-03
1.245314365922763622e-01 7.675523680311601392e-03
1.245314365922763622e-01 7.675523680311601392e-03
1.245314365922763622e-01 7.675523680311601392e-03
1.245314365922763622e-01 7.675523680311601392e-03
1.245314365922763622e-01 7.675523680311601392e-03
1.245314365922763622e-01 7.675523680311601392e-03
1.245314365922763622e-01 7.675523680311601392e-03
1.245314365922763622e-01 7.675523680311601392e-03
1.245314365922763622e-01 7.675523680311601392e-03
1.245314365922763622e-01 7.675523680311601392e-03
1.245314365922763622e-01 7.675523680311601392e-03
1.245314365922763622e-01 7.675523680311601392e-03
1.245314365922763622e-01 7.675523680311601392e-03
1.245314365922763622e-01 7.675523680311601392e-03
1.245314365922763622e-01 7.675523680311601392e-03
1.245314365922763622e-01 7.675523680311601392e-03
1.245314365922763622e-01 7.675523680311601392e-03
1.245314365922763622e-01 7.675523680311601392e-03
1.245314365922763622e-01 7.675523680311601392e-03
1.245314365922763622e-01 7.675523680311601392e-03
1.245314365922763622e-01 7.675523680311601392e-03
1.245314365922763622e-01 7.675523680311601392e-03
1.245314365922763622e-01 7.675523680311601392e-03
1.245314365922763622e-01 7.675523680311601392e-03
1.245314365922763622e-01 7.675523680311601392e-03
1.245314365922763622e-01 7.675523680311601392e-03
1.245314365922763622e-01 7.675523680311601392e-03
1.245314365922763622e-01 7.675523680311601392e-03
1.245314365922763622e-01 7.675523680311601392e-03
1.245314365922763622e-01 7.675523680311601392e-03
1.245314365922763622e-01 7.675523680311601392e-03
1.245314365922763622e-01 7.675523680311601392e-03
1.245314365922763622e-01 7.675523680311601392e-03
1.245314365922763622e-01 7.675523680311601392e-03
1.245314365922763622e-01 7.675523680311601392e-03
1.245314365922763622e-01 7.675523680311601392e-03
1.245314365922763622e-01 7.675523680311601392e-03
1.245314365922763622e-01 7.675523680311601392e-03
1.245314365922763622e-01 7.675523680311601392e-03
1.245314365922763622e-01 7.675523680311601392e-03
1.245314365922763622e-01 7.675523680311601392e-03
1.245314365922763622e-01 7.675523680311601392e-03
1.245314365922763622e-01 7.675523680311601392e-03
1.245314365922763622e-01 7.675523680311601392e-03
1.245314365922763622e-01 7.675523680311601392e-03
1.245314365922763622e-01 7.675523680311601392e-03
1.245314365922763622e-01 7.675523680311601392e-03
1.245314365922763622e-01 7.675523680311601392e-03
1.245314365922763622e-01 7.675523680311601392e-03
1.245314365922763622e-01 7.675523680311601392e-03
1.245314365922763622e-01 7.675523680311601392e-03
1.245314365922763622e-01 7.675523680311601392e-03
1.245314365922763622e-01 7.675523680311601392e-03
1.245314365922763622e-01 7.675523680311601392e-03
1.245314365922763622e-01 7.675523680311601392e-03
1.245314365922763622e-01 7.675523680311601392e-03
1.245314365922763622e-01 7.675523680311601392e-03
1.245314365922763622e-01 7.675523680311601392e-03
1.245314365922763622e-01 7.675523680311601392e-03
1.245314365922763622e-01 7.675523680311601392e-03
1.245314365922763622e-01 7.675523680311601392e-03
1.245314365922763622e-01 7.675523680311601392e-03
1.245314365922763622e-01 7.675523680311601392e-03
1.245314365922763622e-01 7.675523680311601392e-03
1.245314365922763622e-01 7.675523680311601392e-03
1.245314365922763622e-01 7.675523680311601392e-03
1.245314365922763622e-01 7.675523680311601392e-03
1.245314365922763622e-01 7.675523680311601392e-03
1.245314365922763622e-01 7.675523680311601392e-03
1.245314365922763622e-01 7.675523680311601392e-03
1.245314365922763622e-01 7.675523680311601392e-03
1.245314365922763622e-01 7.675523680311601392e-03
1.245314365922763622e-01 7.675523680311601392e-03
1.245314365922763622e-01 7.675523680311601392e-03
1.245314365922763622e-01 7.675523680311601392e-03
1.245314365922763622e-01 7.675523680311601392e-03
1.245314365922763622e-01 7.675523680311601392e-03
1.245314365922763622e-01 7.675523680311601392e-03
1.245314365922763622e-01 7.675523680311601392e-03
1.245314365922763622e-01 7.675523680311601392e-03
1.245314365922763622e-01 7.675523680311601392e-03
1.245314365922763622e-01 7.675523680311601392e-03
1.245314365922763622e-01 7.675523680311601392e-03
1.245314365922763622e-01 7.675523680311601392e-03
1.245314365922763622e-01 7.675523680311601392e-03
1.245314365922763622e-01 7.675523680311601392e-03
1.245314365922763622e-01 7.675523680311601392e-03
1.245314365922763622e-01 7.675523680311601392e-03
1.245314365922763622e-01 7.675523680311601392e-03
1.245314365922763622e-01 7.675523680311601392e-03
1.245314365922763622e-01 7.675523680311601392e-03
1.245314365922763622e-01 7.675523680311601392e-03
1.245314365922763622e-01 7.675523680311601392e-03
1.245314365922763622e-01 7.675523680311601392e-03
1.245314365922763622e-01 7.675523680311601392e-03
1.245314365922763622e-01 7.675523680311601392e-03
1.245314365922763622e-01 7.675523680311601392e-03
1.245314365922763622e-01 7.675523680311601392e-03
1.245314365922763622e-01 7.675523680311601392e-03
1.245314365922763622e-01 7.675523680311601392e-03
1.245314365922763622e-01 7.675523680311601392e-03
1.245314365922763622e-01 7.675523680311601392e-03
1.245314365922763622e-01 7.675523680311601392e-03
1.245314365922763622e-01 7.675523680311601392e-03
1.245314365922763622e-01 7.675523680311601392e-03
1.245314365922763622e-01 7.675523680311601392e-03
1.245314365922763622e-01 7.675523680311601392e-03
1.245314365922763622e-01 7.675523680311601392e-03
1.245314365922763622e-01 7.675523680311601392e-03
1.245314365922763622e-01 7.675523680311601392e-03
1.245314365922763622e-01 7.675523680311601392e-03
1.245314365922763622e-01 7.675523680311601392e-03
1.245314365922763622e-01 7.675523680311601392e-03
1.245314365922763622e-01 7.675523680311601392e-03
1.245314365922763622e-01 7.675523680311601392e-03
1.245314365922763622e-01 7.675523680311601392e-03
1.245314365922763622e-01 7.675523680311601392e-03
1.245314365922763622e-01 7.675523680311601392e-03
1.245314365922763622e-01 7.675523680311601392e-03
1.245314365922763622e-01 7.675523680311601392e-03
1.245314365922763622e-01 7.675523680311601392e-03
1.245314365922763622e-01 7.675523680311601392e-03
1.245314365922763622e-01 7.675523680311601392e-03
1.245314365922763622e-01 7.675523680311601392e-03
1.245314365922763622e-01 7.675523680311601392e-03
1.245314365922763622e-01 7.675523680311601392e-03
1.245314365922763622e-01 7.675523680311601392e-03
1.245314365922763622e-01 7.675523680311601392e-03
1.245314365922763622e-01 7.675523680311601392e-03
1.245314365922763622e-01 7.675523680311601392e-03
1.245314365922763622e-01 7.675523680311601392e-03
1.245314365922763622e-01 7.675523680311601392e-03
1.245314365922763622e-01 7.675523680311601392e-03
1.245314365922763622e-01 7.675523680311601392e-03
1.245314365922763622e-01 7.675523680311601392e-03
1.245314365922763622e-01 7.675523680311601392e-03
1.245314365922763622e-01 7.675523680311601392e-03
1.245314365922763622e-01 7.675523680311601392e-03
1.245314365922763622e-01 7.675523680311601392e-03
1.245314365922763622e-01 7.675523680311601392e-03
1.245314365922763622e-01 7.675523680311601392e-03
1.245314365922763622e-01 7.675523680311601392e-03
1.245314365922763622e-01 7.675523680311601392e-03
1.245314365922763622e-01 7.675523680311601392e-03
1.245314365922763622e-01 7.675523680311601392e-03
1.245314365922763622e-01 7.675523680311601392e-03
1.245314365922763622e-01 7.675523680311601392e-03
1.245314365922763622e-01 7.675523680311601392e-03
1.245314365922763622e-01 7.675523680311601392e-03
1.245314365922763622e-01 7.675523680311601392e-03
1.245314365922763622e-01 7.675523680311601392e-03
1.245314365922763622e-01 7.675523680311601392e-03
1.245314365922763622e-01 7.675523680311601392e-03
1.245314365922763622e-01 7.675523680311601392e-03
1.245314365922763622e-01 7.675523680311601392e-03
1.245314365922763622e-01 7.675523680311601392e-03
1.245314365922763622e-01 7.675523680311601392e-03
1.245314365922763622e-01 7.675523680311601392e-03
1.245314365922763622e-01 7.675523680311601392e-03
1.245314365922763622e-01 7.675523680311601392e-03
1.245314365922763622e-01 7.675523680311601392e-03
1.245314365922763622e-01 7.675523680311601392e-03
1.245314365922763622e-01 7.675523680311601392e-03
1.245314365922763622e-01 7.675523680311601392e-03
1.245314365922763622e-01 7.675523680311601392e-03
1.245314365922763622e-01 7.675523680311601392e-03
1.245314365922763622e-01 7.675523680311601392e-03
1.245314365922763622e-01 7.675523680311601392e-03
1.245314365922763622e-01 7.675523680311601392e-03
1.245314365922763622e-01 7.675523680311601392e-03
1.245314365922763622e-01 7.675523680311601392e-03
1.245314365922763622e-01 7.675523680311601392e-03
1.245314365922763622e-01 7.675523680311601392e-03
1.245314365922763622e-01 7.675523680311601392e-03
1.245314365922763622e-01 7.675523680311601392e-03
1.245314365922763622e-01 7.675523680311601392e-03
1.245314365922763622e-01 7.675523680311601392e-03
1.245314365922763622e-01 7.675523680311601392e-03
1.245314365922763622e-01 7.675523680311601392e-03
1.245314365922763622e-01 7.675523680311601392e-03
1.245314365922763622e-01 7.675523680311601392e-03
1.245314365922763622e-01 7.675523680311601392e-03
1.245314365922763622e-01 7.675523680311601392e-03
1.245314365922763622e-01 7.675523680311601392e-03
1.245314365922763622e-01 7.675523680311601392e-03
1.245314365922763622e-01 7.675523680311601392e-03
1.245314365922763622e-01 7.675523680311601392e-03
1.245314365922763622e-01 7.675523680311601392e-03
1.245314365922763622e-01 7.675523680311601392e-03
1.245314365922763622e-01 7.675523680311601392e-03
1.245314365922763622e-01 7.675523680311601392e-03
1.245314365922763622e-01 7.675523680311601392e-03
1.245314365922763622e-01 7.675523680311601392e-03
1.245314365922763622e-01 7.675523680311601392e-03
1.245314365922763622e-01 7.675523680311601392e-03
1.245314365922763622e-01 7.675523680311601392e-03
1.245314365922763622e-01 7.675523680311601392e-03
1.245314365922763622e-01 7.675523680311601392e-03
1.245314365922763622e-01 7.675523680311601392e-03
1.245314365922763622e-01 7.675523680311601392e-03
1.245314365922763622e-01 7.675523680311601392e-03
1.245314365922763622e-01 7.675523680311601392e-03
1.245314365922763622e-01 7.675523680311601392e-03
1.245314365922763622e-01 7.675523680311601392e-03
1.245314365922763622e-01 7.675523680311601392e-03
1.245314365922763622e-01 7.675523680311601392e-03
1.245314365922763622e-01 7.675523680311601392e-03
1.245314365922763622e-01 7.675523680311601392e-03
1.245314365922763622e-01 7.675523680311601392e-03
1.245314365922763622e-01 7.675523680311601392e-03
1.245314365922763622e-01 7.675523680311601392e-03
1.245314365922763622e-01 7.675523680311601392e-03
1.245314365922763622e-01 7.675523680311601392e-03
1.245314365922763622e-01 7.675523680311601392e-03
1.245314365922763622e-01 7.675523680311601392e-03
1.245314365922763622e-01 7.675523680311601392e-03
1.245314365922763622e-01 7.675523680311601392e-03
1.245314365922763622e-01 7.675523680311601392e-03
1.245314365922763622e-01 7.675523680311601392e-03
1.245314365922763622e-01 7.675523680311601392e-03
1.245314365922763622e-01 7.675523680311601392e-03
1.245314365922763622e-01 7.675523680311601392e-03
1.245314365922763622e-01 7.675523680311601392e-03
1.245314365922763622e-01 7.675523680311601392e-03
1.245314365922763622e-01 7.675523680311601392e-03
1.245314365922763622e-01 7.675523680311601392e-03
1.245314365922763622e-01 7.675523680311601392e-03
1.245314365922763622e-01 7.675523680311601392e-03
1.245314365922763622e-01 7.675523680311601392e-03
1.245314365922763622e-01 7.675523680311601392e-03
1.245314365922763622e-01 7.675523680311601392e-03
1.245314365922763622e-01 7.675523680311601392e-03
1.245314365922763622e-01 7.675523680311601392e-03
1.245314365922763622e-01 7.675523680311601392e-03
1.245314365922763622e-01 7.675523680311601392e-03
1.245314365922763622e-01 7.675523680311601392e-03
1.245314365922763622e-01 7.675523680311601392e-03
1.245314365922763622e-01 7.675523680311601392e-03
1.245314365922763622e-01 7.675523680311601392e-03
1.245314365922763622e-01 7.675523680311601392e-03
1.245314365922763622e-01 7.675523680311601392e-03
1.245314365922763622e-01 7.675523680311601392e-03
1.245314365922763622e-01 7.675523680311601392e-03
1.245314365922763622e-01 7.675523680311601392e-03
1.245314365922763622e-01 7.675523680311601392e-03
1.245314365922763622e-01 7.675523680311601392e-03
1.245314365922763622e-01 7.675523680311601392e-03
1.245314365922763622e-01 7.675523680311601392e-03
1.245314365922763622e-01 7.675523680311601392e-03
1.245314365922763622e-01 7.675523680311601392e-03
1.245314365922763622e-01 7.675523680311601392e-03
1.245314365922763622e-01 7.675523680311601392e-03
1.245314365922763622e-01 7.675523680311601392e-03
1.245314365922763622e-01 7.675523680311601392e-03
1.245314365922763622e-01 7.675523680311601392e-03
1.245314365922763622e-01 7.675523680311601392e-03
1.245314365922763622e-01 7.675523680311601392e-03
1.245314365922763622e-01 7.675523680311601392e-03
1.245314365922763622e-01 7.675523680311601392e-03
1.245314365922763622e-01 7.675523680311601392e-03
1.245314365922763622e-01 7.675523680311601392e-03
1.245314365922763622e-01 7.675523680311601392e-03
1.245314365922763622e-01 7.675523680311601392e-03
1.245314365922763622e-01 7.675523680311601392e-03
1.245314365922763622e-01 7.675523680311601392e-03
1.245314365922763622e-01 7.675523680311601392e-03
1.245314365922763622e-01 7.675523680311601392e-03
1.245314365922763622e-01 7.675523680311601392e-03
1.245314365922763622e-01 7.675523680311601392e-03
1.245314365922763622e-01 7.675523680311601392e-03
1.245314365922763622e-01 7.675523680311601392e-03
1.245314365922763622e-01 7.675523680311601392e-03
1.245314365922763622e-01 7.675523680311601392e-03
1.245314365922763622e-01 7.675523680311601392e-03
1.245314365922763622e-01 7.675523680311601392e-03
1.245314365922763622e-01 7.675523680311601392e-03
1.245314365922763622e-01 7.675523680311601392e-03
1.245314365922763622e-01 7.675523680311601392e-03
1.245314365922763622e-01 7.675523680311601392e-03
1.245314365922763622e-01 7.675523680311601392e-03
1.245314365922763622e-01 7.675523680311601392e-03
1.245314365922763622e-01 7.675523680311601392e-03
1.245314365922763622e-01 7.675523680311601392e-03
1.245314365922763622e-01 7.675523680311601392e-03
1.245314365922763622e-01 7.675523680311601392e-03
1.245314365922763622e-01 7.675523680311601392e-03
1.245314365922763622e-01 7.675523680311601392e-03
1.245314365922763622e-01 7.675523680311601392e-03
1.245314365922763622e-01 7.675523680311601392e-03
1.245314365922763622e-01 7.675523680311601392e-03
1.245314365922763622e-01 7.675523680311601392e-03
1.245314365922763622e-01 7.675523680311601392e-03
1.245314365922763622e-01 7.675523680311601392e-03
1.245314365922763622e-01 7.675523680311601392e-03
1.245314365922763622e-01 7.675523680311601392e-03
1.245314365922763622e-01 7.675523680311601392e-03
1.245314365922763622e-01 7.675523680311601392e-03
1.245314365922763622e-01 7.675523680311601392e-03
1.245314365922763622e-01 7.675523680311601392e-03
1.245314365922763622e-01 7.675523680311601392e-03
1.245314365922763622e-01 7.675523680311601392e-03
1.245314365922763622e-01 7.675523680311601392e-03
1.245314365922763622e-01 7.675523680311601392e-03
1.245314365922763622e-01 7.675523680311601392e-03
1.245314365922763622e-01 7.675523680311601392e-03
1.245314365922763622e-01 7.675523680311601392e-03
1.245314365922763622e-01 7.675523680311601392e-03
1.245314365922763622e-01 7.675523680311601392e-03
1.245314365922763622e-01 7.675523680311601392e-03
1.245314365922763622e-01 7.675523680311601392e-03
1.245314365922763622e-01 7.675523680311601392e-03
1.188625726046656783e-01 4.895764008781152386e-03
1.188625726046656783e-01 4.895764008781152386e-03
1.188625726046656783e-01 4.895764008781152386e-03
1.188625726046656783e-01 4.895764008781152386e-03
1.188625726046656783e-01 4.895764008781152386e-03
1.188625726046656783e-01 4.895764008781152386e-03
1.188625726046656783e-01 4.895764008781152386e-03
1.188625726046656783e-01 4.895764008781152386e-03
1.188625726046656783e-01 4.895764008781152386e-03
1.188625726046656783e-01 4.895764008781152386e-03
1.188625726046656783e-01 4.895764008781152386e-03
1.188625726046656783e-01 4.895764008781152386e-03
1.188625726046656783e-01 4.895764008781152386e-03
1.188625726046656783e-01 4.895764008781152386e-03
1.188625726046656783e-01 4.895764008781152386e-03
1.188625726046656783e-01 4.895764008781152386e-03
1.188625726046656783e-01 4.895764008781152386e-03
1.188625726046656783e-01 4.895764008781152386e-03
1.188625726046656783e-01 4.895764008781152386e-03
1.188625726046656783e-01 4.895764008781152386e-03
1.188625726046656783e-01 4.895764008781152386e-03
